0 1.250000e+02 4.535648e-02 5.876348e-01 4.755893e-04 3.089191e-01 2.950572e-04 4.422729e-05 1.403714e-04 3.089633e-01 4.354286e-04 
10 1.323336e+02 1.817839e-01 5.875560e-01 5.867695e-04 3.088562e-01 7.885291e-04 1.371002e-04 4.745472e-04 3.089933e-01 1.263076e-03 
20 1.396654e+02 5.783239e-01 5.873224e-01 1.747881e-03 3.086788e-01 1.762418e-03 3.982430e-04 1.270074e-03 3.090771e-01 3.032492e-03 
30 1.469925e+02 1.236521e+00 5.867773e-01 3.959214e-03 3.082536e-01 4.088832e-03 1.027128e-03 2.874350e-03 3.092807e-01 6.963182e-03 
40 1.543093e+02 2.475936e+00 5.855853e-01 7.860156e-03 3.073235e-01 8.483344e-03 2.404413e-03 6.114510e-03 3.097279e-01 1.459785e-02 
50 1.616045e+02 4.810125e+00 5.832207e-01 1.503645e-02 3.054966e-01 1.594203e-02 5.110191e-03 1.156305e-02 3.106068e-01 2.750508e-02 
60 1.688597e+02 7.899813e+00 5.790864e-01 2.489419e-02 3.022987e-01 2.576426e-02 9.853043e-03 1.940797e-02 3.121517e-01 4.517223e-02 
70 1.760492e+02 1.169736e+01 5.725904e-01 3.711146e-02 2.972687e-01 3.858187e-02 1.731304e-02 2.927006e-02 3.145818e-01 6.785194e-02 
80 1.831409e+02 1.574221e+01 5.634096e-01 4.994525e-02 2.901787e-01 5.064727e-02 2.782870e-02 3.959518e-02 3.180074e-01 9.024246e-02 
90 1.901022e+02 1.890778e+01 5.517941e-01 5.993076e-02 2.812194e-01 6.009932e-02 4.111002e-02 4.790649e-02 3.223294e-01 1.080058e-01 
100 1.969077e+02 2.027520e+01 5.386226e-01 6.421938e-02 2.710635e-01 6.317917e-02 5.615323e-02 5.192263e-02 3.272167e-01 1.151018e-01 
110 2.035458e+02 1.956453e+01 5.252235e-01 6.183862e-02 2.607369e-01 6.010476e-02 7.143044e-02 5.043931e-02 3.321674e-01 1.105441e-01 
120 2.100226e+02 1.695548e+01 5.129761e-01 5.339824e-02 2.513082e-01 5.080161e-02 8.535718e-02 4.401267e-02 3.366653e-01 9.481428e-02 
130 2.163593e+02 1.321106e+01 5.029223e-01 4.138647e-02 2.435761e-01 3.872134e-02 9.675461e-02 3.443078e-02 3.403307e-01 7.315212e-02 
140 2.225870e+02 9.200217e+00 4.955173e-01 2.867019e-02 2.378816e-01 2.627467e-02 1.051302e-01 2.417565e-02 3.430118e-01 5.045031e-02 
150 2.287382e+02 5.778768e+00 4.906128e-01 1.792855e-02 2.341123e-01 1.619077e-02 1.106584e-01 1.527397e-02 3.447706e-01 3.146474e-02 
160 2.348411e+02 3.277480e+00 4.877006e-01 1.008100e-02 2.318813e-01 8.862864e-03 1.139193e-01 8.684782e-03 3.458005e-01 1.754765e-02 
170 2.409171e+02 1.667134e+00 4.861840e-01 5.093746e-03 2.307312e-01 4.401489e-03 1.155907e-01 4.442653e-03 3.463219e-01 8.844142e-03 
180 2.469801e+02 7.621934e-01 4.855766e-01 2.311108e-03 2.303003e-01 1.952933e-03 1.162045e-01 2.047574e-03 3.465049e-01 4.000507e-03 
190 2.530397e+02 1.362395e+00 4.856180e-01 2.309077e-03 2.304162e-01 3.153720e-03 1.160094e-01 2.431334e-03 3.464256e-01 5.585054e-03 
200 2.591038e+02 2.775488e+00 4.863087e-01 4.720657e-03 2.311290e-01 6.436965e-03 1.149233e-01 5.048697e-03 3.460523e-01 1.148566e-02 
210 2.651817e+02 5.090613e+00 4.878873e-01 8.812417e-03 2.326986e-01 1.189283e-02 1.125547e-01 9.404925e-03 3.452533e-01 2.129775e-02 
220 2.712868e+02 8.360727e+00 4.907465e-01 1.481957e-02 2.355214e-01 1.971769e-02 1.083122e-01 1.563432e-02 3.438336e-01 3.535202e-02 
230 2.774376e+02 1.227123e+01 4.952794e-01 2.244100e-02 2.399878e-01 2.908287e-02 1.016186e-01 2.321836e-02 3.416064e-01 5.230123e-02 
240 2.836567e+02 1.616394e+01 5.016938e-01 3.028836e-02 2.463024e-01 3.825595e-02 9.217798e-02 3.095816e-02 3.384804e-01 6.921410e-02 
250 2.899670e+02 1.930797e+01 5.098679e-01 3.665773e-02 2.543433e-01 4.567621e-02 8.018642e-02 3.728557e-02 3.345297e-01 8.296179e-02 
260 2.963880e+02 2.103606e+01 5.193105e-01 4.037598e-02 2.636247e-01 4.994348e-02 6.638840e-02 4.075905e-02 3.300131e-01 9.070253e-02 
270 3.029307e+02 2.081101e+01 5.292348e-01 4.045755e-02 2.733691e-01 4.934156e-02 5.195940e-02 4.051446e-02 3.253285e-01 8.985602e-02 
280 3.095956e+02 1.868596e+01 5.387254e-01 3.648574e-02 2.826724e-01 4.408032e-02 3.824487e-02 3.654936e-02 3.209173e-01 8.062967e-02 
290 3.163719e+02 1.533870e+01 5.469711e-01 2.989122e-02 2.907316e-01 3.612061e-02 2.641804e-02 2.984751e-02 3.171497e-01 6.596812e-02 
300 3.232406e+02 1.163349e+01 5.534896e-01 2.225788e-02 2.970586e-01 2.662125e-02 1.717284e-02 2.209258e-02 3.142315e-01 4.871383e-02 
310 3.301796e+02 7.988842e+00 5.582296e-01 1.490746e-02 3.015681e-01 1.782371e-02 1.060613e-02 1.489464e-02 3.121743e-01 3.271835e-02 
320 3.371680e+02 5.032745e+00 5.614943e-01 9.244999e-03 3.045000e-01 1.113588e-02 6.346375e-03 9.195933e-03 3.108464e-01 2.033182e-02 
330 3.441905e+02 2.892086e+00 5.637483e-01 5.224378e-03 3.062464e-01 6.217190e-03 3.808977e-03 5.226181e-03 3.100554e-01 1.144337e-02 
340 3.512372e+02 1.534671e+00 5.654383e-01 3.504833e-03 3.071977e-01 3.281673e-03 2.419269e-03 2.716100e-03 3.096170e-01 5.997772e-03 
350 3.583032e+02 7.425392e-01 5.668965e-01 4.604668e-03 3.076694e-01 2.858803e-03 1.720101e-03 1.286788e-03 3.093895e-01 4.145591e-03 
360 3.653871e+02 3.276163e-01 5.683185e-01 5.511901e-03 3.078840e-01 3.415006e-03 1.392267e-03 5.545669e-04 3.092762e-01 3.969572e-03 
370 3.724890e+02 3.425300e-01 5.697777e-01 6.064389e-03 3.079813e-01 3.738168e-03 1.238743e-03 2.200852e-04 3.092200e-01 3.958254e-03 
380 3.796092e+02 6.308484e-01 5.712423e-01 6.086386e-03 3.080419e-01 3.726733e-03 1.150770e-03 1.335086e-04 3.091926e-01 3.860242e-03 
390 3.867472e+02 8.758012e-01 5.725956e-01 5.488274e-03 3.081060e-01 3.344248e-03 1.074486e-03 1.991703e-04 3.091805e-01 3.543419e-03 
400 3.939006e+02 1.598421e+00 5.736916e-01 4.424053e-03 3.081892e-01 2.697703e-03 9.863623e-04 2.662809e-04 3.091755e-01 2.963984e-03 
410 4.010655e+02 2.546899e+00 5.744165e-01 3.912211e-03 3.082933e-01 2.874891e-03 8.792429e-04 3.326279e-04 3.091725e-01 3.207519e-03 
420 4.082366e+02 3.391707e+00 5.746727e-01 5.475763e-03 3.084196e-01 3.873374e-03 7.544861e-04 3.715811e-04 3.091741e-01 4.244955e-03 
430 4.154071e+02 4.329744e+00 5.742515e-01 6.699367e-03 3.085796e-01 4.613246e-03 6.203291e-04 3.898070e-04 3.091999e-01 5.003053e-03 
440 4.225657e+02 8.173610e+00 5.726405e-01 1.094954e-02 3.087994e-01 7.249489e-03 4.870331e-04 3.673845e-04 3.092865e-01 7.616874e-03 
450 4.296917e+02 1.757039e+01 5.687629e-01 2.341386e-02 3.091314e-01 1.542224e-02 3.646122e-04 3.208772e-04 3.094960e-01 1.574312e-02 
460 4.367455e+02 3.529580e+01 5.606289e-01 4.674507e-02 3.096569e-01 3.052884e-02 2.603821e-04 2.663506e-04 3.099173e-01 3.079519e-02 
470 4.436556e+02 6.557010e+01 5.450386e-01 8.627243e-02 3.104777e-01 5.590666e-02 1.777017e-04 2.089616e-04 3.106554e-01 5.611562e-02 
480 4.503025e+02 1.119306e+02 5.175482e-01 1.462722e-01 3.116797e-01 9.415627e-02 1.164386e-04 1.490478e-04 3.117962e-01 9.430532e-02 
490 4.565062e+02 1.748488e+02 4.730527e-01 2.269474e-01 3.132727e-01 1.452246e-01 7.417621e-05 9.646259e-05 3.133469e-01 1.453211e-01 
500 4.620255e+02 2.493942e+02 4.071314e-01 3.216000e-01 3.151346e-01 2.046731e-01 4.701634e-05 5.598409e-05 3.151816e-01 2.047291e-01 
510 4.665774e+02 3.247026e+02 3.178523e-01 4.160546e-01 3.169937e-01 2.632907e-01 3.078560e-05 2.879531e-05 3.170245e-01 2.633195e-01 
520 4.698787e+02 3.860771e+02 2.072921e-01 4.918323e-01 3.184991e-01 3.096448e-01 2.183226e-05 1.396962e-05 3.185209e-01 3.096588e-01 
530 4.717000e+02 4.202391e+02 8.195483e-02 5.323837e-01 3.193245e-01 3.334594e-01 1.725841e-05 8.513638e-06 3.193417e-01 3.334679e-01 
540 4.719143e+02 4.200839e+02 -4.852358e-02 5.293874e-01 3.193094e-01 3.300780e-01 1.539719e-05 9.427682e-06 3.193248e-01 3.300874e-01 
550 4.705229e+02 3.871180e+02 -1.736809e-01 4.852674e-01 3.184908e-01 3.012243e-01 1.533325e-05 1.453290e-05 3.185061e-01 3.012388e-01 
560 4.676495e+02 3.301141e+02 -2.847385e-01 4.118505e-01 3.170892e-01 2.545825e-01 1.775258e-05 2.319210e-05 3.171070e-01 2.546057e-01 
570 4.635074e+02 2.612237e+02 -3.762678e-01 3.243949e-01 3.154016e-01 1.996558e-01 2.449721e-05 3.698840e-05 3.154261e-01 1.996928e-01 
580 4.583548e+02 1.920589e+02 -4.464841e-01 2.376000e-01 3.137013e-01 1.454524e-01 3.832816e-05 6.077014e-05 3.137396e-01 1.455131e-01 
590 4.524526e+02 1.312819e+02 -4.966714e-01 1.618610e-01 3.121936e-01 9.840448e-02 6.364443e-05 1.029325e-04 3.122573e-01 9.850742e-02 
600 4.460317e+02 8.344559e+01 -5.301023e-01 1.026638e-01 3.109826e-01 6.198489e-02 1.064421e-04 1.689243e-04 3.110890e-01 6.215382e-02 
610 4.392764e+02 4.937301e+01 -5.508493e-01 6.060502e-02 3.100865e-01 3.645742e-02 1.712923e-04 2.409436e-04 3.102578e-01 3.669837e-02 
620 4.323202e+02 2.727692e+01 -5.628307e-01 3.336960e-02 3.094637e-01 2.012582e-02 2.613465e-04 3.381372e-04 3.097250e-01 2.046396e-02 
630 4.252517e+02 1.415794e+01 -5.692609e-01 1.726287e-02 3.090469e-01 1.043516e-02 3.742188e-04 3.946668e-04 3.094212e-01 1.082983e-02 
640 4.181250e+02 6.953808e+00 -5.724314e-01 8.510989e-03 3.087655e-01 5.045240e-03 5.038087e-04 4.556422e-04 3.092693e-01 5.500882e-03 
650 4.109711e+02 3.241275e+00 -5.737638e-01 4.047739e-03 3.085648e-01 2.343628e-03 6.394041e-04 4.374030e-04 3.092042e-01 2.781031e-03 
660 4.038077e+02 1.690413e+00 -5.740521e-01 2.829911e-03 3.084106e-01 1.859166e-03 7.763890e-04 4.380686e-04 3.091869e-01 2.297235e-03 
670 3.966448e+02 2.138196e+00 -5.737295e-01 3.922519e-03 3.082855e-01 2.385304e-03 9.043396e-04 3.924397e-04 3.091898e-01 2.777744e-03 
680 3.894886e+02 2.462457e+00 -5.729902e-01 4.656757e-03 3.081745e-01 2.970182e-03 1.031886e-03 2.886530e-04 3.092064e-01 3.258835e-03 
690 3.823436e+02 2.574543e+00 -5.719552e-01 5.102452e-03 3.080612e-01 3.210492e-03 1.181975e-03 3.588949e-04 3.092432e-01 3.569387e-03 
700 3.752128e+02 2.581845e+00 -5.707137e-01 4.947612e-03 3.079181e-01 3.014541e-03 1.392498e-03 7.484756e-04 3.093106e-01 3.763017e-03 
710 3.680987e+02 2.438600e+00 -5.692783e-01 4.769656e-03 3.076926e-01 2.910455e-03 1.744346e-03 1.502653e-03 3.094369e-01 4.413108e-03 
720 3.610040e+02 3.091572e+00 -5.675958e-01 6.503912e-03 3.072934e-01 5.372108e-03 2.379608e-03 2.866648e-03 3.096730e-01 8.238756e-03 
730 3.539325e+02 5.606118e+00 -5.655176e-01 1.175096e-02 3.065798e-01 9.486257e-03 3.509804e-03 5.172120e-03 3.100896e-01 1.465838e-02 
740 3.468907e+02 9.496024e+00 -5.627815e-01 1.980927e-02 3.053647e-01 1.624042e-02 5.413946e-03 8.675010e-03 3.107787e-01 2.491543e-02 
750 3.398887e+02 1.468155e+01 -5.590595e-01 3.062974e-02 3.034234e-01 2.497177e-02 8.429367e-03 1.355801e-02 3.118528e-01 3.852978e-02 
760 3.329413e+02 2.129991e+01 -5.539720e-01 4.407957e-02 3.005247e-01 3.682173e-02 1.288894e-02 1.974508e-02 3.134137e-01 5.656682e-02 
770 3.260676e+02 2.862578e+01 -5.471827e-01 5.928439e-02 2.964891e-01 4.940197e-02 1.904702e-02 2.681046e-02 3.155361e-01 7.621243e-02 
780 3.192901e+02 3.589962e+01 -5.385456e-01 7.368253e-02 2.912518e-01 6.262807e-02 2.697914e-02 3.393697e-02 3.182309e-01 9.656504e-02 
790 3.126313e+02 4.205556e+01 -5.281743e-01 8.625790e-02 2.849196e-01 7.334364e-02 3.650069e-02 4.004664e-02 3.214203e-01 1.133903e-01 
800 3.061108e+02 4.593551e+01 -5.164780e-01 9.354003e-02 2.777725e-01 8.044403e-02 4.717049e-02 4.406109e-02 3.249430e-01 1.245051e-01 
810 2.997410e+02 4.671147e+01 -5.041247e-01 9.482881e-02 2.702338e-01 8.189960e-02 5.835059e-02 4.539069e-02 3.285844e-01 1.272903e-01 
820 2.935256e+02 4.480897e+01 -4.918885e-01 9.010006e-02 2.627991e-01 7.896146e-02 6.930593e-02 4.380108e-02 3.321050e-01 1.227625e-01 
830 2.874584e+02 4.038650e+01 -4.805012e-01 8.104999e-02 2.559290e-01 7.094900e-02 7.936125e-02 3.965263e-02 3.352903e-01 1.106016e-01 
840 2.815249e+02 3.420834e+01 -4.705554e-01 6.811419e-02 2.499703e-01 6.026276e-02 8.802322e-02 3.374698e-02 3.379936e-01 9.400974e-02 
850 2.757049e+02 2.719804e+01 -4.623818e-01 5.392073e-02 2.451204e-01 4.771359e-02 9.502319e-02 2.716942e-02 3.401436e-01 7.488301e-02 
860 2.699753e+02 2.058397e+01 -4.560710e-01 4.033300e-02 2.414393e-01 3.641114e-02 1.002873e-01 2.077947e-02 3.417266e-01 5.719061e-02 
870 2.643135e+02 1.493350e+01 -4.515116e-01 2.908608e-02 2.388978e-01 2.620420e-02 1.038677e-01 1.517117e-02 3.427656e-01 4.137538e-02 
880 2.586987e+02 1.044273e+01 -4.485120e-01 2.010598e-02 2.374308e-01 1.846244e-02 1.058632e-01 1.057233e-02 3.432941e-01 2.903477e-02 
890 2.531129e+02 6.968720e+00 -4.468727e-01 1.335654e-02 2.369707e-01 1.200263e-02 1.063725e-01 7.033617e-03 3.433432e-01 1.903625e-02 
900 2.475400e+02 5.622022e+00 -4.464310e-01 1.539575e-02 2.374789e-01 1.265368e-02 1.054426e-01 6.295475e-03 3.429216e-01 1.894915e-02 
910 2.419657e+02 8.004445e+00 -4.470782e-01 2.185903e-02 2.389755e-01 1.809761e-02 1.030411e-01 9.028478e-03 3.420166e-01 2.712609e-02 
920 2.363772e+02 1.074220e+01 -4.487372e-01 2.938650e-02 2.414964e-01 2.446292e-02 9.911988e-02 1.209434e-02 3.406163e-01 3.655726e-02 
930 2.307620e+02 1.341910e+01 -4.513338e-01 3.743207e-02 2.450384e-01 3.102696e-02 9.368905e-02 1.530122e-02 3.387275e-01 4.632819e-02 
940 2.251090e+02 1.574489e+01 -4.547909e-01 4.489590e-02 2.495594e-01 3.730409e-02 8.681998e-02 1.847529e-02 3.363793e-01 5.577937e-02 
950 2.194082e+02 1.775913e+01 -4.589913e-01 5.087140e-02 2.549575e-01 4.267567e-02 7.868508e-02 2.108676e-02 3.336425e-01 6.376243e-02 
960 2.136514e+02 1.927166e+01 -4.637246e-01 5.488175e-02 2.610132e-01 4.624967e-02 6.962759e-02 2.264813e-02 3.306408e-01 6.889780e-02 
970 2.078335e+02 1.991442e+01 -4.687446e-01 5.622937e-02 2.674177e-01 4.734480e-02 6.011405e-02 2.314685e-02 3.275317e-01 7.049165e-02 
980 2.019522e+02 1.999037e+01 -4.738651e-01 5.465376e-02 2.738615e-01 4.618931e-02 5.061318e-02 2.261173e-02 3.244746e-01 6.880104e-02 
990 1.960071e+02 1.902540e+01 -4.789296e-01 5.007382e-02 2.800421e-01 4.297256e-02 4.157340e-02 2.095920e-02 3.216155e-01 6.393177e-02 
1000 1.900001e+02 1.731077e+01 -4.837669e-01 4.475440e-02 2.856724e-01 3.734504e-02 3.340027e-02 1.845819e-02 3.190726e-01 5.580323e-02 
1010 1.839346e+02 1.486331e+01 -4.882982e-01 3.836048e-02 2.905625e-01 3.173470e-02 2.635526e-02 1.552522e-02 3.169178e-01 4.725992e-02 
1020 1.778139e+02 1.211311e+01 -4.926189e-01 3.004509e-02 2.946458e-01 2.605148e-02 2.053275e-02 1.261683e-02 3.151786e-01 3.866830e-02 
1030 1.716401e+02 9.721825e+00 -4.968305e-01 2.352967e-02 2.979295e-01 1.997218e-02 1.589968e-02 9.776037e-03 3.138292e-01 2.974821e-02 
1040 1.654140e+02 8.372690e+00 -5.010007e-01 1.764924e-02 3.004597e-01 1.535199e-02 1.236327e-02 7.199617e-03 3.128230e-01 2.255161e-02 
1050 1.591359e+02 1.017270e+01 -5.051892e-01 1.298316e-02 3.023430e-01 1.039117e-02 9.754689e-03 5.237473e-03 3.120977e-01 1.562864e-02 
1060 1.528048e+02 1.177221e+01 -5.094737e-01 1.492914e-02 3.037212e-01 9.383688e-03 7.862797e-03 3.676923e-03 3.115840e-01 1.306061e-02 
1070 1.464198e+02 1.299176e+01 -5.138341e-01 1.641207e-02 3.047157e-01 1.019263e-02 6.499173e-03 2.481187e-03 3.112149e-01 1.267382e-02 
1080 1.399805e+02 1.358974e+01 -5.181327e-01 1.704686e-02 3.054168e-01 1.062890e-02 5.517316e-03 1.615748e-03 3.109341e-01 1.224465e-02 
1090 1.334893e+02 1.339697e+01 -5.220882e-01 1.673957e-02 3.059041e-01 1.028104e-02 4.788075e-03 9.907485e-04 3.106922e-01 1.127179e-02 
1100 1.269525e+02 1.248969e+01 -5.253532e-01 1.549442e-02 3.062396e-01 9.479115e-03 4.214157e-03 6.677014e-04 3.104538e-01 1.014682e-02 
1110 1.203818e+02 1.108852e+01 -5.274122e-01 1.366684e-02 3.064642e-01 8.352055e-03 3.726250e-03 7.975134e-04 3.101905e-01 9.149568e-03 
1120 1.137962e+02 9.467815e+00 -5.276061e-01 1.645117e-02 3.065961e-01 1.064280e-02 3.282662e-03 8.802360e-04 3.098788e-01 1.152304e-02 
1130 1.072234e+02 7.824860e+00 -5.251551e-01 2.772952e-02 3.066318e-01 1.794299e-02 2.868771e-03 9.408043e-04 3.095006e-01 1.888379e-02 
1140 1.007027e+02 6.220481e+00 -5.190070e-01 4.433516e-02 3.065526e-01 2.842737e-02 2.477647e-03 9.223612e-04 3.090303e-01 2.934973e-02 
1150 9.428821e+01 4.735555e+00 -5.078153e-01 6.727066e-02 3.063408e-01 4.319534e-02 2.107371e-03 9.319488e-04 3.084482e-01 4.412729e-02 
1160 8.805213e+01 3.438551e+00 -4.900488e-01 9.706949e-02 3.059878e-01 6.206283e-02 1.761901e-03 8.849193e-04 3.077497e-01 6.294775e-02 
1170 8.208602e+01 4.232536e+00 -4.641848e-01 1.331191e-01 3.055020e-01 8.509364e-02 1.444567e-03 8.404276e-04 3.069466e-01 8.593407e-02 
1180 7.649919e+01 5.726945e+00 -4.289210e-01 1.742374e-01 3.048974e-01 1.110823e-01 1.161366e-03 7.027765e-04 3.060587e-01 1.117851e-01 
1190 7.141548e+01 7.526390e+00 -3.832668e-01 2.181107e-01 3.042038e-01 1.384576e-01 9.283183e-04 5.766646e-04 3.051321e-01 1.390343e-01 
1200 6.696737e+01 9.131628e+00 -3.268932e-01 2.611165e-01 3.034923e-01 1.652475e-01 7.318288e-04 4.320582e-04 3.042241e-01 1.656796e-01 
1210 6.328536e+01 1.020344e+01 -2.605005e-01 2.993635e-01 3.028373e-01 1.882226e-01 5.839831e-04 2.681100e-04 3.034213e-01 1.884907e-01 
1220 6.048629e+01 1.023114e+01 -1.856047e-01 3.282702e-01 3.023277e-01 2.057591e-01 4.719368e-04 2.338388e-04 3.027997e-01 2.059929e-01 
1230 5.866219e+01 1.160913e+01 -1.045681e-01 3.464624e-01 3.020055e-01 2.158576e-01 3.863998e-04 2.013148e-04 3.023919e-01 2.160589e-01 
1240 5.787246e+01 1.264442e+01 -2.032887e-02 3.508290e-01 3.019232e-01 2.173603e-01 3.353481e-04 2.230713e-04 3.022585e-01 2.175833e-01 
1250 5.813703e+01 1.241386e+01 6.385776e-02 3.418330e-01 3.020883e-01 2.105418e-01 3.041682e-04 2.546089e-04 3.023924e-01 2.107964e-01 
1260 5.943504e+01 1.098346e+01 1.447162e-01 3.198955e-01 3.024945e-01 1.959955e-01 2.908613e-04 3.908028e-04 3.027854e-01 1.963863e-01 
1270 6.170755e+01 9.499264e+00 2.195652e-01 2.891615e-01 3.030513e-01 1.764550e-01 3.164769e-04 5.218360e-04 3.033677e-01 1.769769e-01 
1280 6.486698e+01 9.367799e+00 2.864287e-01 2.519880e-01 3.037148e-01 1.523614e-01 3.842522e-04 6.458489e-04 3.040990e-01 1.530072e-01 
1290 6.880473e+01 8.236292e+00 3.440064e-01 2.121648e-01 3.044189e-01 1.276872e-01 4.888764e-04 7.276758e-04 3.049078e-01 1.284149e-01 
1300 7.340164e+01 6.738355e+00 3.918850e-01 1.726894e-01 3.051036e-01 1.031803e-01 6.376275e-04 7.581160e-04 3.057412e-01 1.039385e-01 
1310 7.853720e+01 5.156984e+00 4.302751e-01 1.360825e-01 3.056996e-01 8.080228e-02 8.402440e-04 7.793406e-04 3.065398e-01 8.158162e-02 
1320 8.409791e+01 4.300362e+00 4.600434e-01 1.044498e-01 3.061778e-01 6.151596e-02 1.097729e-03 8.156533e-04 3.072755e-01 6.233161e-02 
1330 8.998318e+01 3.608462e+00 4.823581e-01 7.774386e-02 3.065251e-01 4.549720e-02 1.405717e-03 9.171298e-04 3.079308e-01 4.641433e-02 
1340 9.610697e+01 4.617023e+00 4.983550e-01 5.633823e-02 3.067475e-01 3.264803e-02 1.758261e-03 1.090765e-03 3.085057e-01 3.373880e-02 
1350 1.023984e+02 5.711876e+00 5.093349e-01 3.987616e-02 3.068419e-01 2.302065e-02 2.150223e-03 1.284101e-03 3.089921e-01 2.430475e-02 
1360 1.088012e+02 6.775738e+00 5.162835e-01 2.751037e-02 3.068387e-01 1.568679e-02 2.577428e-03 1.389372e-03 3.094161e-01 1.707616e-02 
1370 1.152709e+02 7.911189e+00 5.201645e-01 1.871434e-02 3.067231e-01 1.074109e-02 3.054494e-03 1.364381e-03 3.097776e-01 1.210547e-02 
1380 1.217739e+02 8.911037e+00 5.216368e-01 1.266247e-02 3.065061e-01 7.337523e-03 3.626999e-03 1.668280e-03 3.101331e-01 9.005803e-03 
1390 1.282831e+02 9.666257e+00 5.212370e-01 1.218283e-02 3.061313e-01 7.547353e-03 4.355962e-03 2.537051e-03 3.104873e-01 1.008440e-02 
1400 1.347786e+02 1.010517e+01 5.194393e-01 1.338301e-02 3.055885e-01 8.567067e-03 5.314952e-03 3.741272e-03 3.109035e-01 1.230834e-02 
1410 1.412435e+02 1.025373e+01 5.163674e-01 1.752898e-02 3.048194e-01 1.127531e-02 6.584909e-03 5.291197e-03 3.114043e-01 1.656651e-02 
1420 1.476644e+02 9.978115e+00 5.124146e-01 2.179813e-02 3.037497e-01 1.422381e-02 8.262354e-03 7.272869e-03 3.120120e-01 2.149668e-02 
1430 1.540311e+02 9.672880e+00 5.076285e-01 2.852844e-02 3.023491e-01 1.795755e-02 1.045685e-02 9.803223e-03 3.128059e-01 2.776077e-02 
1440 1.603319e+02 1.139946e+01 5.018770e-01 3.763045e-02 3.005290e-01 2.326189e-02 1.326311e-02 1.286964e-02 3.137921e-01 3.613153e-02 
1450 1.665564e+02 1.475565e+01 4.954037e-01 4.843595e-02 2.982337e-01 2.979610e-02 1.674767e-02 1.647742e-02 3.149814e-01 4.627352e-02 
1460 1.726956e+02 1.845148e+01 4.881432e-01 6.013722e-02 2.954697e-01 3.694536e-02 2.095783e-02 2.042940e-02 3.164275e-01 5.737476e-02 
1470 1.787383e+02 2.206827e+01 4.799434e-01 7.120043e-02 2.922323e-01 4.391708e-02 2.586774e-02 2.422589e-02 3.181000e-01 6.814297e-02 
1480 1.846739e+02 2.521800e+01 4.710260e-01 8.102910e-02 2.885341e-01 5.019412e-02 3.142092e-02 2.774547e-02 3.199550e-01 7.793959e-02 
1490 1.904950e+02 2.774147e+01 4.615888e-01 8.851842e-02 2.844660e-01 5.470902e-02 3.750975e-02 3.063237e-02 3.219757e-01 8.534139e-02 
1500 1.961951e+02 2.931761e+01 4.516429e-01 9.296486e-02 2.801320e-01 5.754178e-02 4.398442e-02 3.264354e-02 3.241165e-01 9.018532e-02 
1510 2.017687e+02 2.987647e+01 4.413759e-01 9.411677e-02 2.756089e-01 5.786792e-02 5.068554e-02 3.374048e-02 3.262944e-01 9.160840e-02 
1520 2.072142e+02 2.953737e+01 4.311733e-01 9.280662e-02 2.710458e-01 5.668438e-02 5.738959e-02 3.380022e-02 3.284354e-01 9.048460e-02 
1530 2.125342e+02 2.852265e+01 4.212999e-01 8.916281e-02 2.666395e-01 5.417413e-02 6.383670e-02 3.288043e-02 3.304762e-01 8.705456e-02 
1540 2.177336e+02 2.685403e+01 4.118838e-01 8.366975e-02 2.625552e-01 5.027187e-02 6.977700e-02 3.118547e-02 3.323322e-01 8.145734e-02 
1550 2.228194e+02 2.469664e+01 4.031810e-01 7.636098e-02 2.589358e-01 4.554386e-02 7.497902e-02 2.874765e-02 3.339148e-01 7.429151e-02 
1560 2.278027e+02 2.202846e+01 3.955294e-01 6.789956e-02 2.558984e-01 4.045811e-02 7.927433e-02 2.573945e-02 3.351727e-01 6.619755e-02 
1570 2.326979e+02 1.909520e+01 3.890847e-01 5.855103e-02 2.535245e-01 3.442121e-02 8.256184e-02 2.245474e-02 3.360864e-01 5.687595e-02 
1580 2.375200e+02 1.616014e+01 3.838227e-01 4.936626e-02 2.518819e-01 2.864184e-02 8.475968e-02 1.912016e-02 3.366416e-01 4.776200e-02 
1590 2.422832e+02 1.336692e+01 3.796719e-01 4.079754e-02 2.510103e-01 2.304936e-02 8.581261e-02 1.592746e-02 3.368229e-01 3.897682e-02 
1600 2.470013e+02 1.460314e+01 3.766094e-01 3.276276e-02 2.509074e-01 1.858930e-02 8.572534e-02 1.300991e-02 3.366328e-01 3.159922e-02 
1610 2.516875e+02 1.759403e+01 3.745807e-01 3.391278e-02 2.515551e-01 1.977992e-02 8.452342e-02 1.028487e-02 3.360785e-01 3.006480e-02 
1620 2.563544e+02 2.068675e+01 3.735365e-01 3.981337e-02 2.529193e-01 2.267251e-02 8.227358e-02 8.455508e-03 3.351929e-01 3.112802e-02 
1630 2.610142e+02 2.296089e+01 3.734342e-01 4.397472e-02 2.549251e-01 2.613377e-02 7.909374e-02 9.665569e-03 3.340188e-01 3.579934e-02 
1640 2.656779e+02 2.484579e+01 3.741582e-01 4.852467e-02 2.574706e-01 2.921492e-02 7.513210e-02 1.057804e-02 3.326027e-01 3.979295e-02 
1650 2.703553e+02 2.679141e+01 3.756406e-01 5.209434e-02 2.604599e-01 3.041185e-02 7.054323e-02 1.128079e-02 3.310031e-01 4.169264e-02 
1660 2.750554e+02 2.747687e+01 3.777721e-01 5.299960e-02 2.638182e-01 3.274216e-02 6.544989e-02 1.193633e-02 3.292681e-01 4.467849e-02 
1670 2.797847e+02 2.836732e+01 3.803038e-01 5.483102e-02 2.674411e-01 3.411235e-02 6.000532e-02 1.213255e-02 3.274464e-01 4.624490e-02 
1680 2.845469e+02 2.915828e+01 3.830296e-01 5.544581e-02 2.712049e-01 3.351322e-02 5.438982e-02 1.185809e-02 3.255947e-01 4.537131e-02 
1690 2.893442e+02 2.859861e+01 3.859444e-01 5.243193e-02 2.749989e-01 3.160658e-02 4.875818e-02 1.157122e-02 3.237571e-01 4.317779e-02 
1700 2.941796e+02 2.741872e+01 3.891815e-01 5.018873e-02 2.786992e-01 3.077593e-02 4.327238e-02 1.118698e-02 3.219716e-01 4.196292e-02 
1710 2.990582e+02 2.573038e+01 3.929047e-01 4.750367e-02 2.821860e-01 2.895363e-02 3.810299e-02 1.040963e-02 3.202890e-01 3.936326e-02 
1720 3.039869e+02 2.443587e+01 3.972356e-01 4.253001e-02 2.853836e-01 2.502871e-02 3.337400e-02 9.860233e-03 3.187576e-01 3.488894e-02 
1730 3.089736e+02 2.209680e+01 4.021939e-01 3.606977e-02 2.882714e-01 2.169598e-02 2.912247e-02 8.912229e-03 3.173938e-01 3.060821e-02 
1740 3.140254e+02 1.883175e+01 4.076287e-01 3.205840e-02 2.908624e-01 1.933204e-02 2.532957e-02 7.592912e-03 3.161919e-01 2.692495e-02 
1750 3.191463e+02 1.596062e+01 4.132214e-01 2.728046e-02 2.931650e-01 1.658009e-02 2.199117e-02 6.434568e-03 3.151562e-01 2.301466e-02 
1760 3.243365e+02 1.396735e+01 4.186854e-01 2.514058e-02 2.951867e-01 1.512193e-02 1.909254e-02 5.592691e-03 3.142792e-01 2.071462e-02 
1770 3.295933e+02 1.206221e+01 4.238627e-01 2.522914e-02 2.969566e-01 1.565748e-02 1.658955e-02 4.687472e-03 3.135462e-01 2.034495e-02 
1780 3.349119e+02 9.735410e+00 4.285104e-01 2.563309e-02 2.985264e-01 1.598143e-02 1.441744e-02 3.688162e-03 3.129439e-01 1.966960e-02 
1790 3.402834e+02 1.112100e+01 4.322559e-01 2.594141e-02 2.999069e-01 1.586411e-02 1.256798e-02 2.912353e-03 3.124749e-01 1.877647e-02 
1800 3.456936e+02 1.589253e+01 4.345891e-01 2.531606e-02 3.011125e-01 1.562653e-02 1.102801e-02 2.470661e-03 3.121405e-01 1.809720e-02 
1810 3.511207e+02 2.223527e+01 4.347641e-01 3.082667e-02 3.022160e-01 2.017733e-02 9.727866e-03 2.131028e-03 3.119439e-01 2.230836e-02 
1820 3.565332e+02 3.044681e+01 4.320354e-01 4.278220e-02 3.032793e-01 2.810651e-02 8.589095e-03 1.693457e-03 3.118683e-01 2.979996e-02 
1830 3.618897e+02 4.172814e+01 4.255875e-01 5.734260e-02 3.042955e-01 3.782944e-02 7.588953e-03 1.227531e-03 3.118844e-01 3.905697e-02 
1840 3.671391e+02 5.499534e+01 4.146604e-01 7.417604e-02 3.052840e-01 4.916375e-02 6.711144e-03 1.357444e-03 3.119952e-01 5.052120e-02 
1850 3.722231e+02 6.948571e+01 3.989091e-01 9.295014e-02 3.062201e-01 6.110566e-02 5.928223e-03 1.505216e-03 3.121484e-01 6.261088e-02 
1860 3.770797e+02 8.484214e+01 3.780964e-01 1.125341e-01 3.071182e-01 7.349851e-02 5.215493e-03 1.590834e-03 3.123337e-01 7.508935e-02 
1870 3.816461e+02 1.010046e+02 3.522205e-01 1.329815e-01 3.079858e-01 8.642107e-02 4.575856e-03 1.528854e-03 3.125616e-01 8.794992e-02 
1880 3.858576e+02 1.175603e+02 3.210559e-01 1.536225e-01 3.088091e-01 9.884781e-02 4.011681e-03 1.377180e-03 3.128208e-01 1.002250e-01 
1890 3.896483e+02 1.336926e+02 2.846583e-01 1.733653e-01 3.095941e-01 1.108007e-01 3.504299e-03 1.187567e-03 3.130984e-01 1.119883e-01 
1900 3.929529e+02 1.484225e+02 2.430547e-01 1.913952e-01 3.103223e-01 1.217777e-01 3.044169e-03 9.832390e-04 3.133665e-01 1.227609e-01 
1910 3.957096e+02 1.608574e+02 1.968339e-01 2.060412e-01 3.109480e-01 1.307778e-01 2.654488e-03 9.800194e-04 3.136025e-01 1.317578e-01 
1920 3.978651e+02 1.704165e+02 1.468229e-01 2.169299e-01 3.114042e-01 1.365941e-01 2.368279e-03 1.086645e-03 3.137725e-01 1.376807e-01 
1930 3.993802e+02 1.766296e+02 9.430805e-02 2.235860e-01 3.116943e-01 1.399691e-01 2.179493e-03 1.122891e-03 3.138738e-01 1.410920e-01 
1940 4.002308e+02 1.795319e+02 4.050633e-02 2.261069e-01 3.118385e-01 1.410017e-01 2.048077e-03 1.074482e-03 3.138866e-01 1.420762e-01 
1950 4.004087e+02 1.785628e+02 -1.330666e-02 2.237633e-01 3.118574e-01 1.386959e-01 1.940841e-03 1.171060e-03 3.137982e-01 1.398670e-01 
1960 3.999214e+02 1.737680e+02 -6.592859e-02 2.167089e-01 3.117858e-01 1.335756e-01 1.857073e-03 1.107853e-03 3.136429e-01 1.346835e-01 
1970 3.987888e+02 1.660507e+02 -1.165373e-01 2.060350e-01 3.116221e-01 1.263855e-01 1.815571e-03 1.602251e-03 3.134376e-01 1.279878e-01 
1980 3.970405e+02 1.560695e+02 -1.644906e-01 1.931001e-01 3.113944e-01 1.183906e-01 1.839030e-03 2.046507e-03 3.132334e-01 1.204371e-01 
1990 3.947106e+02 1.439758e+02 -2.095931e-01 1.776853e-01 3.110861e-01 1.082357e-01 1.945041e-03 2.367372e-03 3.130311e-01 1.106030e-01 
2000 3.918384e+02 1.299720e+02 -2.511446e-01 1.599325e-01 3.106494e-01 9.736308e-02 2.143999e-03 2.454632e-03 3.127934e-01 9.981772e-02 
2010 3.884733e+02 1.149620e+02 -2.883262e-01 1.408841e-01 3.100728e-01 8.541284e-02 2.463103e-03 2.397329e-03 3.125359e-01 8.781017e-02 
2020 3.846743e+02 1.000908e+02 -3.205147e-01 1.223870e-01 3.093803e-01 7.398094e-02 2.919703e-03 2.292494e-03 3.123000e-01 7.627343e-02 
2030 3.805041e+02 8.591702e+01 -3.477176e-01 1.049951e-01 3.086172e-01 6.332071e-02 3.501165e-03 2.036122e-03 3.121184e-01 6.535683e-02 
2040 3.760245e+02 7.250484e+01 -3.699887e-01 8.831046e-02 3.077882e-01 5.325672e-02 4.191200e-03 1.781449e-03 3.119794e-01 5.503817e-02 
2050 3.712964e+02 6.018926e+01 -3.874563e-01 7.340856e-02 3.069201e-01 4.402572e-02 4.968415e-03 1.623177e-03 3.118885e-01 4.564890e-02 
2060 3.663779e+02 4.932337e+01 -4.004981e-01 6.102661e-02 3.060391e-01 3.619674e-02 5.842883e-03 2.392370e-03 3.118819e-01 3.858911e-02 
2070 3.613195e+02 4.033305e+01 -4.099545e-01 4.957898e-02 3.051792e-01 2.943926e-02 6.816803e-03 3.435980e-03 3.119960e-01 3.287524e-02 
2080 3.561600e+02 3.278207e+01 -4.166967e-01 4.025757e-02 3.042715e-01 2.393798e-02 7.939453e-03 4.759181e-03 3.122110e-01 2.869716e-02 
2090 3.509319e+02 2.599256e+01 -4.208436e-01 3.200490e-02 3.032294e-01 1.898664e-02 9.256831e-03 6.255196e-03 3.124862e-01 2.524183e-02 
2100 3.456682e+02 1.978899e+01 -4.223580e-01 3.103080e-02 3.020295e-01 2.049243e-02 1.082864e-02 7.726954e-03 3.128581e-01 2.821938e-02 
2110 3.404009e+02 1.777920e+01 -4.213828e-01 3.630404e-02 3.006658e-01 2.382079e-02 1.268045e-02 9.214629e-03 3.133463e-01 3.303542e-02 
2120 3.351593e+02 2.017677e+01 -4.182875e-01 4.009471e-02 2.991209e-01 2.724588e-02 1.488314e-02 1.076648e-02 3.140041e-01 3.801236e-02 
2130 3.299664e+02 2.223877e+01 -4.135999e-01 4.439381e-02 2.973656e-01 3.048223e-02 1.746231e-02 1.228193e-02 3.148279e-01 4.276416e-02 
2140 3.248399e+02 2.406292e+01 -4.076496e-01 4.710733e-02 2.953758e-01 3.475282e-02 2.042848e-02 1.393215e-02 3.158043e-01 4.868497e-02 
2150 3.197943e+02 2.559092e+01 -4.006788e-01 5.137294e-02 2.932100e-01 3.887394e-02 2.370393e-02 1.566215e-02 3.169139e-01 5.453609e-02 
2160 3.148395e+02 2.817549e+01 -3.931430e-01 5.828835e-02 2.909411e-01 4.447179e-02 2.718621e-02 1.770674e-02 3.181273e-01 6.217853e-02 
2170 3.099797e+02 3.191698e+01 -3.854805e-01 6.615232e-02 2.886058e-01 4.923988e-02 3.078732e-02 1.974300e-02 3.193932e-01 6.898288e-02 
2180 3.052153e+02 3.555484e+01 -3.778533e-01 7.305704e-02 2.862223e-01 5.480172e-02 3.443671e-02 2.183854e-02 3.206590e-01 7.664026e-02 
2190 3.005465e+02 3.855943e+01 -3.700807e-01 7.950227e-02 2.837841e-01 5.864022e-02 3.810473e-02 2.362467e-02 3.218889e-01 8.226489e-02 
2200 2.959777e+02 4.086647e+01 -3.617797e-01 8.340810e-02 2.812709e-01 6.279486e-02 4.181341e-02 2.520918e-02 3.230843e-01 8.800405e-02 
2210 2.915175e+02 4.254700e+01 -3.526595e-01 8.689266e-02 2.787262e-01 6.446345e-02 4.551793e-02 2.608909e-02 3.242441e-01 9.055254e-02 
2220 2.871755e+02 4.284602e+01 -3.429094e-01 8.688982e-02 2.761774e-01 6.485868e-02 4.923486e-02 2.649440e-02 3.254123e-01 9.135308e-02 
2230 2.829571e+02 4.274710e+01 -3.329477e-01 8.672323e-02 2.736919e-01 6.390250e-02 5.286293e-02 2.629282e-02 3.265548e-01 9.019531e-02 
2240 2.788621e+02 4.132885e+01 -3.232213e-01 8.221288e-02 2.713189e-01 6.100612e-02 5.631923e-02 2.566397e-02 3.276381e-01 8.667009e-02 
2250 2.748857e+02 3.877092e+01 -3.139846e-01 7.761254e-02 2.691463e-01 5.827590e-02 5.945119e-02 2.467768e-02 3.285975e-01 8.295358e-02 
2260 2.710208e+02 3.612897e+01 -3.054154e-01 7.176893e-02 2.673011e-01 5.352174e-02 6.207063e-02 2.324157e-02 3.293717e-01 7.676331e-02 
2270 2.672580e+02 3.293214e+01 -2.976304e-01 6.543058e-02 2.659011e-01 5.026600e-02 6.402402e-02 2.193331e-02 3.299251e-01 7.219931e-02 
2280 2.635874e+02 3.120422e+01 -2.906994e-01 6.170992e-02 2.650112e-01 4.740430e-02 6.523023e-02 2.052084e-02 3.302414e-01 6.792514e-02 
2290 2.599971e+02 2.897644e+01 -2.848301e-01 5.712896e-02 2.645958e-01 4.363524e-02 6.576234e-02 1.900478e-02 3.303582e-01 6.264002e-02 
2300 2.564726e+02 2.697211e+01 -2.801614e-01 5.276133e-02 2.646120e-01 4.075967e-02 6.565921e-02 1.723491e-02 3.302713e-01 5.799458e-02 
2310 2.529993e+02 2.412591e+01 -2.766673e-01 4.767875e-02 2.649794e-01 3.533290e-02 6.501527e-02 1.484756e-02 3.299946e-01 5.018046e-02 
2320 2.495624e+02 1.991565e+01 -2.743121e-01 4.605568e-02 2.656009e-01 2.925850e-02 6.397048e-02 1.233819e-02 3.295713e-01 4.159669e-02 
2330 2.461484e+02 1.800962e+01 -2.730094e-01 4.917783e-02 2.664493e-01 3.115475e-02 6.259402e-02 9.993653e-03 3.290433e-01 4.114840e-02 
2340 2.427446e+02 1.680008e+01 -2.727062e-01 5.311381e-02 2.674692e-01 3.344344e-02 6.097490e-02 9.747337e-03 3.284441e-01 4.319077e-02 
2350 2.393382e+02 1.816155e+01 -2.734405e-01 5.541432e-02 2.686504e-01 3.442012e-02 5.914733e-02 1.053566e-02 3.277978e-01 4.495578e-02 
2360 2.359178e+02 1.903946e+01 -2.749192e-01 5.538554e-02 2.700437e-01 3.372828e-02 5.701747e-02 1.080784e-02 3.270612e-01 4.453612e-02 
2370 2.324760e+02 1.886508e+01 -2.768524e-01 5.393072e-02 2.716939e-01 3.323226e-02 5.450694e-02 1.063622e-02 3.262008e-01 4.386849e-02 
2380 2.290095e+02 1.926032e+01 -2.788362e-01 5.340247e-02 2.736114e-01 3.335327e-02 5.161051e-02 1.042418e-02 3.252219e-01 4.377745e-02 
2390 2.255184e+02 1.990525e+01 -2.808532e-01 5.422195e-02 2.758135e-01 3.359227e-02 4.834146e-02 1.051075e-02 3.241549e-01 4.410302e-02 
2400 2.220015e+02 1.944321e+01 -2.830204e-01 5.362559e-02 2.781942e-01 3.300039e-02 4.484706e-02 1.026941e-02 3.230413e-01 4.326979e-02 
2410 2.184550e+02 1.823875e+01 -2.856720e-01 5.120551e-02 2.805810e-01 3.141804e-02 4.137687e-02 1.014066e-02 3.219579e-01 4.155870e-02 
2420 2.148724e+02 1.784086e+01 -2.887649e-01 4.749929e-02 2.828304e-01 2.905540e-02 3.806119e-02 1.000312e-02 3.208916e-01 3.905852e-02 
2430 2.112501e+02 1.705740e+01 -2.920214e-01 4.277315e-02 2.849171e-01 2.635012e-02 3.495991e-02 9.525565e-03 3.198771e-01 3.587568e-02 
2440 2.075869e+02 1.739918e+01 -2.952890e-01 3.862629e-02 2.867816e-01 2.326590e-02 3.215562e-02 8.730829e-03 3.189372e-01 3.199673e-02 
2450 2.038844e+02 2.025477e+01 -2.982974e-01 3.751916e-02 2.884564e-01 2.291544e-02 2.965125e-02 7.697025e-03 3.181077e-01 3.061247e-02 
2460 2.001452e+02 2.309018e+01 -3.012106e-01 3.723336e-02 2.900157e-01 2.251195e-02 2.738515e-02 6.792610e-03 3.174009e-01 2.930456e-02 
2470 1.963695e+02 2.547417e+01 -3.041014e-01 3.571912e-02 2.914625e-01 2.161421e-02 2.529658e-02 6.255551e-03 3.167590e-01 2.786976e-02 
2480 1.925582e+02 2.714774e+01 -3.068496e-01 3.419674e-02 2.928638e-01 2.129155e-02 2.328370e-02 5.820744e-03 3.161475e-01 2.711229e-02 
2490 1.887141e+02 2.774371e+01 -3.092235e-01 3.481237e-02 2.942352e-01 2.200989e-02 2.124918e-02 5.353283e-03 3.154843e-01 2.736318e-02 
