0 9.741198e-36 
1 1.487464e-35 
2 2.268866e-35 
3 3.456994e-35 
4 5.261566e-35 
5 7.999401e-35 
6 1.214857e-34 
7 1.842967e-34 
8 2.792761e-34 
9 4.227400e-34 
10 6.391981e-34 
11 9.654275e-34 
12 1.456549e-33 
13 2.195086e-33 
14 3.304440e-33 
15 4.968940e-33 
16 7.463604e-33 
17 1.119829e-32 
18 1.678311e-32 
19 2.512526e-32 
20 3.757208e-32 
21 5.612235e-32 
22 8.373788e-32 
23 1.248024e-31 
24 1.857969e-31 
25 2.762918e-31 
26 4.104032e-31 
27 6.089286e-31 
28 9.024733e-31 
29 1.336024e-30 
30 1.975630e-30 
31 2.918151e-30 
32 4.305468e-30 
33 6.345165e-30 
34 9.340605e-30 
35 1.373461e-29 
36 2.017279e-29 
37 2.959539e-29 
38 4.337005e-29 
39 6.348383e-29 
40 9.282036e-29 
41 1.355595e-28 
42 1.977528e-28 
43 2.881518e-28 
44 4.193970e-28 
45 6.097254e-28 
46 8.854171e-28 
47 1.284298e-27 
48 1.860748e-27 
49 2.692855e-27 
50 3.892617e-27 
51 5.620477e-27 
52 8.106012e-27 
53 1.167733e-26 
54 1.680281e-26 
55 2.415025e-26 
56 3.467072e-26 
57 4.971702e-26 
58 7.121115e-26 
59 1.018806e-25 
60 1.455911e-25 
61 2.078155e-25 
62 2.962927e-25 
63 4.219531e-25 
64 6.002171e-25 
65 8.528161e-25 
66 1.210340e-24 
67 1.715791e-24 
68 2.429529e-24 
69 3.436076e-24 
70 4.853411e-24 
71 6.845559e-24 
72 9.639677e-24 
73 1.355005e-23 
74 1.901432e-23 
75 2.665388e-23 
76 3.738177e-23 
77 5.259527e-23 
78 7.449371e-23 
79 1.065176e-22 
80 1.537506e-22 
81 2.227902e-22 
82 3.200945e-22 
83 4.474657e-22 
84 5.940803e-22 
85 7.281554e-22 
86 8.005122e-22 
87 7.889088e-22 
88 8.344123e-22 
89 1.539816e-21 
90 4.495118e-21 
91 1.303948e-20 
92 3.314510e-20 
93 7.413584e-20 
94 1.488174e-19 
95 2.726439e-19 
96 4.619191e-19 
97 7.317234e-19 
98 1.094969e-18 
99 1.564126e-18 
100 2.156158e-18 
101 2.899090e-18 
102 3.836715e-18 
103 5.028463e-18 
104 6.546258e-18 
105 8.478290e-18 
106 1.095540e-17 
107 1.421102e-17 
108 1.866621e-17 
109 2.500454e-17 
110 3.418991e-17 
111 4.740723e-17 
112 6.597491e-17 
113 9.135144e-17 
114 1.253667e-16 
115 1.707043e-16 
116 2.314797e-16 
117 3.136375e-16 
118 4.249920e-16 
119 5.750750e-16 
120 7.753258e-16 
121 1.040193e-15 
122 1.389240e-15 
123 1.849603e-15 
124 2.457858e-15 
125 3.260975e-15 
126 4.317408e-15 
127 5.700254e-15 
128 7.503772e-15 
129 9.852452e-15 
130 1.291017e-14 
131 1.688780e-14 
132 2.205108e-14 
133 2.873380e-14 
134 3.736049e-14 
135 4.847813e-14 
136 6.279156e-14 
137 8.119870e-14 
138 1.048303e-13 
139 1.351070e-13 
140 1.738236e-13 
141 2.232619e-13 
142 2.863190e-13 
143 3.666498e-13 
144 4.688362e-13 
145 5.986177e-13 
146 7.632056e-13 
147 9.716782e-13 
148 1.235442e-12 
149 1.568767e-12 
150 1.989448e-12 
151 2.519681e-12 
152 3.187175e-12 
153 4.026528e-12 
154 5.080829e-12 
155 6.403596e-12 
156 8.061195e-12 
157 1.013592e-11 
158 1.272982e-11 
159 1.596926e-11 
160 2.001042e-11 
161 2.504596e-11 
162 3.131340e-11 
163 3.910555e-11 
164 4.878310e-11 
165 6.078978e-11 
166 7.567042e-11 
167 9.409265e-11 
168 1.168724e-10 
169 1.450027e-10 
170 1.796856e-10 
171 2.223665e-10 
172 2.747763e-10 
173 3.389896e-10 
174 4.175172e-10 
175 5.134663e-10 
176 6.308104e-10 
177 7.748145e-10 
178 9.526288e-10 
179 1.173972e-09 
180 1.451660e-09 
181 1.801511e-09 
182 2.240915e-09 
183 2.785298e-09 
184 3.442080e-09 
185 4.202817e-09 
186 5.036339e-09 
187 5.888604e-09 
188 6.698054e-09 
189 7.436622e-09 
190 8.183915e-09 
191 9.232846e-09 
192 1.120813e-08 
193 1.515675e-08 
194 2.254902e-08 
195 3.512283e-08 
196 5.452597e-08 
197 8.177234e-08 
198 1.166225e-07 
199 1.571020e-07 
200 1.994352e-07 
201 2.386373e-07 
202 2.698430e-07 
203 2.901542e-07 
204 3.004672e-07 
205 3.065257e-07 
206 3.185287e-07 
207 3.490700e-07 
208 4.099320e-07 
209 5.090030e-07 
210 6.489143e-07 
211 8.285491e-07 
212 1.047325e-06 
213 1.310536e-06 
214 1.632885e-06 
215 2.037534e-06 
216 2.549852e-06 
217 3.187987e-06 
218 3.954892e-06 
219 4.836825e-06 
220 5.810655e-06 
221 6.857499e-06 
222 7.975693e-06 
223 9.185057e-06 
224 1.051831e-05 
225 1.200298e-05 
226 1.364392e-05 
227 1.541792e-05 
228 1.728568e-05 
229 1.921533e-05 
230 2.120309e-05 
231 2.327638e-05 
232 2.547556e-05 
233 2.782498e-05 
234 3.031337e-05 
235 3.289878e-05 
236 3.553657e-05 
237 3.821138e-05 
238 4.094882e-05 
239 4.379644e-05 
240 4.678663e-05 
241 4.990991e-05 
242 5.312097e-05 
243 5.637466e-05 
244 5.966400e-05 
245 6.302833e-05 
246 6.652287e-05 
247 7.017375e-05 
248 7.395705e-05 
249 7.782181e-05 
250 8.173900e-05 
251 8.573347e-05 
252 8.986875e-05 
253 9.419617e-05 
254 9.871426e-05 
255 1.033774e-04 
256 1.081487e-04 
257 1.130477e-04 
258 1.181471e-04 
259 1.235177e-04 
260 1.291747e-04 
261 1.350793e-04 
262 1.411977e-04 
263 1.475602e-04 
264 1.542602e-04 
265 1.613888e-04 
266 1.689726e-04 
267 1.769791e-04 
268 1.853909e-04 
269 1.942717e-04 
270 2.037535e-04 
271 2.139521e-04 
272 2.249017e-04 
273 2.365821e-04 
274 2.490167e-04 
275 2.623361e-04 
276 2.767320e-04 
277 2.923477e-04 
278 3.092265e-04 
279 3.273841e-04 
280 3.469320e-04 
281 3.681117e-04 
282 3.911930e-04 
283 4.163469e-04 
284 4.436448e-04 
285 4.731977e-04 
286 5.052809e-04 
287 5.402936e-04 
288 5.785894e-04 
289 6.203763e-04 
290 6.658188e-04 
291 7.152356e-04 
292 7.691595e-04 
293 8.281733e-04 
294 8.927111e-04 
295 9.630752e-04 
296 1.039670e-03 
297 1.123181e-03 
298 1.214467e-03 
299 1.314282e-03 
300 1.423173e-03 
301 1.541706e-03 
302 1.670764e-03 
303 1.811533e-03 
304 1.965188e-03 
305 2.132645e-03 
306 2.314734e-03 
307 2.512602e-03 
308 2.727838e-03 
309 2.962135e-03 
310 3.216910e-03 
311 3.493382e-03 
312 3.793052e-03 
313 4.117992e-03 
314 4.470521e-03 
315 4.852686e-03 
316 5.266213e-03 
317 5.713064e-03 
318 6.195876e-03 
319 6.717697e-03 
320 7.281310e-03 
321 7.889056e-03 
322 8.543440e-03 
323 9.247747e-03 
324 1.000582e-02 
325 1.082126e-02 
326 1.169706e-02 
327 1.263634e-02 
328 1.364305e-02 
329 1.472188e-02 
330 1.587721e-02 
331 1.711271e-02 
332 1.843205e-02 
333 1.983986e-02 
334 2.134158e-02 
335 2.294232e-02 
336 2.464626e-02 
337 2.645751e-02 
338 2.838127e-02 
339 3.042357e-02 
340 3.259000e-02 
341 3.488502e-02 
342 3.731296e-02 
343 3.987931e-02 
344 4.259045e-02 
345 4.545208e-02 
346 4.846851e-02 
347 5.164396e-02 
348 5.498390e-02 
349 5.849462e-02 
350 6.218142e-02 
351 6.604798e-02 
352 7.009796e-02 
353 7.433641e-02 
354 7.876899e-02 
355 8.339997e-02 
356 8.823186e-02 
357 9.326732e-02 
358 9.851047e-02 
359 1.039658e-01 
360 1.096358e-01 
361 1.155214e-01 
362 1.216238e-01 
363 1.279458e-01 
364 1.344899e-01 
365 1.412565e-01 
366 1.482444e-01 
367 1.554529e-01 
368 1.628832e-01 
369 1.705356e-01 
370 1.784076e-01 
371 1.864957e-01 
372 1.947975e-01 
373 2.033120e-01 
374 2.120367e-01 
375 2.209665e-01 
376 2.300955e-01 
377 2.394197e-01 
378 2.489358e-01 
379 2.586387e-01 
380 2.685205e-01 
381 2.785736e-01 
382 2.887924e-01 
383 2.991714e-01 
384 3.097024e-01 
385 3.203751e-01 
386 3.311805e-01 
387 3.421116e-01 
388 3.531609e-01 
389 3.643184e-01 
390 3.755735e-01 
391 3.869175e-01 
392 3.983435e-01 
393 4.098426e-01 
394 4.214029e-01 
395 4.330117e-01 
396 4.446583e-01 
397 4.563325e-01 
398 4.680222e-01 
399 4.797143e-01 
400 4.913982e-01 
401 5.030676e-01 
402 5.147166e-01 
403 5.263369e-01 
404 5.379191e-01 
405 5.494542e-01 
406 5.609336e-01 
407 5.723456e-01 
408 5.836761e-01 
409 5.949122e-01 
410 6.060449e-01 
411 6.170678e-01 
412 6.279735e-01 
413 6.387534e-01 
414 6.494004e-01 
415 6.599091e-01 
416 6.702726e-01 
417 6.804821e-01 
418 6.905302e-01 
419 7.004130e-01 
420 7.101290e-01 
421 7.196752e-01 
422 7.290461e-01 
423 7.382363e-01 
424 7.472421e-01 
425 7.560593e-01 
426 7.646826e-01 
427 7.731075e-01 
428 7.813328e-01 
429 7.893584e-01 
430 7.971825e-01 
431 8.048008e-01 
432 8.122097e-01 
433 8.194085e-01 
434 8.263977e-01 
435 8.331773e-01 
436 8.397475e-01 
437 8.461101e-01 
438 8.522677e-01 
439 8.582211e-01 
440 8.639699e-01 
441 8.695159e-01 
442 8.748633e-01 
443 8.800174e-01 
444 8.849814e-01 
445 8.897573e-01 
446 8.943481e-01 
447 8.987580e-01 
448 9.029907e-01 
449 9.070497e-01 
450 9.109393e-01 
451 9.146652e-01 
452 9.182320e-01 
453 9.216426e-01 
454 9.248994e-01 
455 9.280071e-01 
456 9.309714e-01 
457 9.337973e-01 
458 9.364884e-01 
459 9.390484e-01 
460 9.414817e-01 
461 9.437927e-01 
462 9.459851e-01 
463 9.480632e-01 
464 9.500320e-01 
465 9.518964e-01 
466 9.536599e-01 
467 9.553254e-01 
468 9.568969e-01 
469 9.583792e-01 
470 9.597772e-01 
471 9.610942e-01 
472 9.623333e-01 
473 9.634982e-01 
474 9.645927e-01 
475 9.656203e-01 
476 9.665842e-01 
477 9.674881e-01 
478 9.683355e-01 
479 9.691292e-01 
480 9.698713e-01 
481 9.705646e-01 
482 9.712125e-01 
483 9.718183e-01 
484 9.723839e-01 
485 9.729112e-01 
486 9.734023e-01 
487 9.738598e-01 
488 9.742859e-01 
489 9.746824e-01 
490 9.750512e-01 
491 9.753940e-01 
492 9.757125e-01 
493 9.760078e-01 
494 9.762815e-01 
495 9.765354e-01 
496 9.767710e-01 
497 9.769892e-01 
498 9.771907e-01 
499 9.773768e-01 
500 9.775488e-01 
501 9.777078e-01 
502 9.778546e-01 
503 9.779897e-01 
504 9.781140e-01 
505 9.782284e-01 
506 9.783335e-01 
507 9.784300e-01 
508 9.785186e-01 
509 9.785999e-01 
510 9.786742e-01 
511 9.787419e-01 
512 9.788037e-01 
513 9.788601e-01 
514 9.789116e-01 
515 9.789582e-01 
516 9.790004e-01 
517 9.790384e-01 
518 9.790729e-01 
519 9.791038e-01 
520 9.791316e-01 
521 9.791563e-01 
522 9.791783e-01 
523 9.791976e-01 
524 9.792146e-01 
525 9.792293e-01 
526 9.792420e-01 
527 9.792527e-01 
528 9.792615e-01 
529 9.792685e-01 
530 9.792738e-01 
531 9.792775e-01 
532 9.792798e-01 
533 9.792804e-01 
534 9.792796e-01 
535 9.792773e-01 
536 9.792735e-01 
537 9.792682e-01 
538 9.792614e-01 
539 9.792531e-01 
540 9.792431e-01 
541 9.792315e-01 
542 9.792180e-01 
543 9.792028e-01 
544 9.791857e-01 
545 9.791665e-01 
546 9.791451e-01 
547 9.791213e-01 
548 9.790948e-01 
549 9.790658e-01 
550 9.790339e-01 
551 9.789989e-01 
552 9.789603e-01 
553 9.789180e-01 
554 9.788718e-01 
555 9.788214e-01 
556 9.787664e-01 
557 9.787063e-01 
558 9.786407e-01 
559 9.785693e-01 
560 9.784915e-01 
561 9.784070e-01 
562 9.783152e-01 
563 9.782154e-01 
564 9.781068e-01 
565 9.779890e-01 
566 9.778613e-01 
567 9.777233e-01 
568 9.775737e-01 
569 9.774116e-01 
570 9.772361e-01 
571 9.770466e-01 
572 9.768423e-01 
573 9.766219e-01 
574 9.763839e-01 
575 9.761271e-01 
576 9.758508e-01 
577 9.755536e-01 
578 9.752341e-01 
579 9.748907e-01 
580 9.745216e-01 
581 9.741255e-01 
582 9.737007e-01 
583 9.732458e-01 
584 9.727588e-01 
585 9.722377e-01 
586 9.716801e-01 
587 9.710841e-01 
588 9.704480e-01 
589 9.697697e-01 
590 9.690460e-01 
591 9.682739e-01 
592 9.674511e-01 
593 9.665757e-01 
594 9.656453e-01 
595 9.646563e-01 
596 9.636056e-01 
597 9.624905e-01 
598 9.613088e-01 
599 9.600572e-01 
600 9.587319e-01 
601 9.573290e-01 
602 9.558449e-01 
603 9.542761e-01 
604 9.526192e-01 
605 9.508708e-01 
606 9.490274e-01 
607 9.470850e-01 
608 9.450398e-01 
609 9.428889e-01 
610 9.406292e-01 
611 9.382565e-01 
612 9.357657e-01 
613 9.331528e-01 
614 9.304154e-01 
615 9.275508e-01 
616 9.245550e-01 
617 9.214230e-01 
618 9.181513e-01 
619 9.147375e-01 
620 9.111785e-01 
621 9.074699e-01 
622 9.036076e-01 
623 8.995889e-01 
624 8.954118e-01 
625 8.910741e-01 
626 8.865729e-01 
627 8.819055e-01 
628 8.770690e-01 
629 8.720610e-01 
630 8.668801e-01 
631 8.615256e-01 
632 8.559963e-01 
633 8.502899e-01 
634 8.444050e-01 
635 8.383421e-01 
636 8.321019e-01 
637 8.256830e-01 
638 8.190834e-01 
639 8.123035e-01 
640 8.053466e-01 
641 7.982148e-01 
642 7.909077e-01 
643 7.834250e-01 
644 7.757687e-01 
645 7.679429e-01 
646 7.599503e-01 
647 7.517926e-01 
648 7.434725e-01 
649 7.349946e-01 
650 7.263633e-01 
651 7.175826e-01 
652 7.086564e-01 
653 6.995890e-01 
654 6.903855e-01 
655 6.810517e-01 
656 6.715947e-01 
657 6.620210e-01 
658 6.523355e-01 
659 6.425426e-01 
660 6.326496e-01 
661 6.226656e-01 
662 6.125984e-01 
663 6.024530e-01 
664 5.922356e-01 
665 5.819551e-01 
666 5.716208e-01 
667 5.612394e-01 
668 5.508159e-01 
669 5.403585e-01 
670 5.298774e-01 
671 5.193818e-01 
672 5.088774e-01 
673 4.983700e-01 
674 4.878679e-01 
675 4.773804e-01 
676 4.669156e-01 
677 4.564806e-01 
678 4.460821e-01 
679 4.357276e-01 
680 4.254240e-01 
681 4.151789e-01 
682 4.049996e-01 
683 3.948926e-01 
684 3.848639e-01 
685 3.749202e-01 
686 3.650687e-01 
687 3.553155e-01 
688 3.456646e-01 
689 3.361205e-01 
690 3.266907e-01 
691 3.173822e-01 
692 3.081986e-01 
693 2.991417e-01 
694 2.902156e-01 
695 2.814267e-01 
696 2.727800e-01 
697 2.642773e-01 
698 2.559201e-01 
699 2.477122e-01 
700 2.396577e-01 
701 2.317582e-01 
702 2.240147e-01 
703 2.164288e-01 
704 2.090033e-01 
705 2.017399e-01 
706 1.946385e-01 
707 1.876991e-01 
708 1.809223e-01 
709 1.743090e-01 
710 1.678597e-01 
711 1.615741e-01 
712 1.554513e-01 
713 1.494896e-01 
714 1.436883e-01 
715 1.380476e-01 
716 1.325671e-01 
717 1.272444e-01 
718 1.220765e-01 
719 1.170624e-01 
720 1.122017e-01 
721 1.074923e-01 
722 1.029308e-01 
723 9.851491e-02 
724 9.424371e-02 
725 9.011533e-02 
726 8.612594e-02 
727 8.227209e-02 
728 7.855233e-02 
729 7.496543e-02 
730 7.150814e-02 
731 6.817620e-02 
732 6.496672e-02 
733 6.187807e-02 
734 5.890799e-02 
735 5.605305e-02 
736 5.330978e-02 
737 5.067540e-02 
738 4.814734e-02 
739 4.572281e-02 
740 4.339896e-02 
741 4.117287e-02 
742 3.904151e-02 
743 3.700196e-02 
744 3.505165e-02 
745 3.318790e-02 
746 3.140763e-02 
747 2.970798e-02 
748 2.808665e-02 
749 2.654125e-02 
750 2.506863e-02 
751 2.366562e-02 
752 2.233017e-02 
753 2.106061e-02 
754 1.985428e-02 
755 1.870778e-02 
756 1.761854e-02 
757 1.658518e-02 
758 1.560595e-02 
759 1.467799e-02 
760 1.379850e-02 
761 1.296574e-02 
762 1.217826e-02 
763 1.143396e-02 
764 1.073042e-02 
765 1.006583e-02 
766 9.438774e-03 
767 8.847505e-03 
768 8.289989e-03 
769 7.764543e-03 
770 7.269870e-03 
771 6.804546e-03 
772 6.366885e-03 
773 5.955297e-03 
774 5.568482e-03 
775 5.205289e-03 
776 4.864578e-03 
777 4.545185e-03 
778 4.245864e-03 
779 3.965389e-03 
780 3.702785e-03 
781 3.457273e-03 
782 3.227857e-03 
783 3.013239e-03 
784 2.812304e-03 
785 2.624451e-03 
786 2.449193e-03 
787 2.285731e-03 
788 2.133214e-03 
789 1.991172e-03 
790 1.859310e-03 
791 1.736990e-03 
792 1.623299e-03 
793 1.517525e-03 
794 1.419191e-03 
795 1.327678e-03 
796 1.242229e-03 
797 1.162392e-03 
798 1.088139e-03 
799 1.019437e-03 
800 9.559529e-04 
801 8.972906e-04 
802 8.432331e-04 
803 7.935650e-04 
804 7.478364e-04 
805 7.054853e-04 
806 6.661154e-04 
807 6.295383e-04 
808 5.956285e-04 
809 5.642491e-04 
810 5.352695e-04 
811 5.085562e-04 
812 4.839549e-04 
813 4.613164e-04 
814 4.405173e-04 
815 4.214420e-04 
816 4.039888e-04 
817 3.881046e-04 
818 3.737586e-04 
819 3.608688e-04 
820 3.492981e-04 
821 3.389245e-04 
822 3.296617e-04 
823 3.214139e-04 
824 3.140842e-04 
825 3.076423e-04 
826 3.021245e-04 
827 2.975419e-04 
828 2.938387e-04 
829 2.909540e-04 
830 2.888758e-04 
831 2.876171e-04 
832 2.871876e-04 
833 2.876048e-04 
834 2.888926e-04 
835 2.910513e-04 
836 2.940622e-04 
837 2.979289e-04 
838 3.026851e-04 
839 3.083630e-04 
840 3.149885e-04 
841 3.226044e-04 
842 3.312622e-04 
843 3.409960e-04 
844 3.518386e-04 
845 3.638519e-04 
846 3.771081e-04 
847 3.916588e-04 
848 4.075605e-04 
849 4.249080e-04 
850 4.437898e-04 
851 4.642302e-04 
852 4.862264e-04 
853 5.098278e-04 
854 5.351351e-04 
855 5.622449e-04 
856 5.912369e-04 
857 6.221775e-04 
858 6.550845e-04 
859 6.899396e-04 
860 7.268054e-04 
861 7.658719e-04 
862 8.073016e-04 
863 8.510946e-04 
864 8.972203e-04 
865 9.458198e-04 
866 9.971212e-04 
867 1.051189e-03 
868 1.107948e-03 
869 1.167467e-03 
870 1.230022e-03 
871 1.295822e-03 
872 1.364850e-03 
873 1.437066e-03 
874 1.512608e-03 
875 1.591652e-03 
876 1.674254e-03 
877 1.760465e-03 
878 1.850493e-03 
879 1.944538e-03 
880 2.042580e-03 
881 2.144527e-03 
882 2.250523e-03 
883 2.360888e-03 
884 2.475772e-03 
885 2.595101e-03 
886 2.718897e-03 
887 2.847403e-03 
888 2.980832e-03 
889 3.119171e-03 
890 3.262368e-03 
891 3.410556e-03 
892 3.563981e-03 
893 3.722799e-03 
894 3.887046e-03 
895 4.056702e-03 
896 4.231739e-03 
897 4.412192e-03 
898 4.598253e-03 
899 4.790142e-03 
900 4.987850e-03 
901 5.191171e-03 
902 5.400031e-03 
903 5.614608e-03 
904 5.835016e-03 
905 6.061115e-03 
906 6.292773e-03 
907 6.530087e-03 
908 6.773134e-03 
909 7.021722e-03 
910 7.275620e-03 
911 7.534864e-03 
912 7.799566e-03 
913 8.069593e-03 
914 8.344728e-03 
915 8.624996e-03 
916 8.910462e-03 
917 9.200855e-03 
918 9.495801e-03 
919 9.795375e-03 
920 1.009994e-02 
921 1.040942e-02 
922 1.072323e-02 
923 1.104100e-02 
924 1.136300e-02 
925 1.168950e-02 
926 1.202021e-02 
927 1.235468e-02 
928 1.269284e-02 
929 1.303484e-02 
930 1.338053e-02 
931 1.372951e-02 
932 1.408165e-02 
933 1.443702e-02 
934 1.479551e-02 
935 1.515682e-02 
936 1.552070e-02 
937 1.588700e-02 
938 1.625550e-02 
939 1.662602e-02 
940 1.699849e-02 
941 1.737282e-02 
942 1.774858e-02 
943 1.812533e-02 
944 1.850290e-02 
945 1.888132e-02 
946 1.926046e-02 
947 1.963990e-02 
948 2.001928e-02 
949 2.039837e-02 
950 2.077693e-02 
951 2.115476e-02 
952 2.153176e-02 
953 2.190772e-02 
954 2.228219e-02 
955 2.265479e-02 
956 2.302548e-02 
957 2.339424e-02 
958 2.376070e-02 
959 2.412439e-02 
960 2.448525e-02 
961 2.484343e-02 
962 2.519858e-02 
963 2.555007e-02 
964 2.589774e-02 
965 2.624196e-02 
966 2.658274e-02 
967 2.691948e-02 
968 2.725168e-02 
969 2.757949e-02 
970 2.790318e-02 
971 2.822252e-02 
972 2.853714e-02 
973 2.884698e-02 
974 2.915210e-02 
975 2.945237e-02 
976 2.974760e-02 
977 3.003792e-02 
978 3.032343e-02 
979 3.060396e-02 
980 3.087924e-02 
981 3.114934e-02 
982 3.141450e-02 
983 3.167465e-02 
984 3.192958e-02 
985 3.217930e-02 
986 3.242403e-02 
987 3.266376e-02 
988 3.289833e-02 
989 3.312781e-02 
990 3.335245e-02 
991 3.357239e-02 
992 3.378747e-02 
993 3.399756e-02 
994 3.420276e-02 
995 3.440325e-02 
996 3.459911e-02 
997 3.479028e-02 
998 3.497671e-02 
999 3.515838e-02 
1000 3.533549e-02 
1001 3.550829e-02 
1002 3.567688e-02 
1003 3.584110e-02 
1004 3.600089e-02 
1005 3.615647e-02 
1006 3.630802e-02 
1007 3.645547e-02 
1008 3.659868e-02 
1009 3.673776e-02 
1010 3.687291e-02 
1011 3.700413e-02 
1012 3.713130e-02 
1013 3.725456e-02 
1014 3.737416e-02 
1015 3.749013e-02 
1016 3.760235e-02 
1017 3.771085e-02 
1018 3.781589e-02 
1019 3.791757e-02 
1020 3.801585e-02 
1021 3.811073e-02 
1022 3.820236e-02 
1023 3.829079e-02 
1024 3.837598e-02 
1025 3.845802e-02 
1026 3.853712e-02 
1027 3.861330e-02 
1028 3.868644e-02 
1029 3.875659e-02 
1030 3.882405e-02 
1031 3.888901e-02 
1032 3.895133e-02 
1033 3.901096e-02 
1034 3.906810e-02 
1035 3.912300e-02 
1036 3.917566e-02 
1037 3.922603e-02 
1038 3.927420e-02 
1039 3.932035e-02 
1040 3.936452e-02 
1041 3.940669e-02 
1042 3.944694e-02 
1043 3.948540e-02 
1044 3.952212e-02 
1045 3.955710e-02 
1046 3.959037e-02 
1047 3.962205e-02 
1048 3.965222e-02 
1049 3.968092e-02 
1050 3.970821e-02 
1051 3.973409e-02 
1052 3.975862e-02 
1053 3.978189e-02 
1054 3.980400e-02 
1055 3.982496e-02 
1056 3.984476e-02 
1057 3.986341e-02 
1058 3.988104e-02 
1059 3.989770e-02 
1060 3.991338e-02 
1061 3.992806e-02 
1062 3.994180e-02 
1063 3.995463e-02 
1064 3.996659e-02 
1065 3.997769e-02 
1066 3.998795e-02 
1067 3.999740e-02 
1068 4.000602e-02 
1069 4.001383e-02 
1070 4.002091e-02 
1071 4.002727e-02 
1072 4.003290e-02 
1073 4.003781e-02 
1074 4.004206e-02 
1075 4.004567e-02 
1076 4.004864e-02 
1077 4.005101e-02 
1078 4.005280e-02 
1079 4.005406e-02 
1080 4.005479e-02 
1081 4.005501e-02 
1082 4.005476e-02 
1083 4.005407e-02 
1084 4.005296e-02 
1085 4.005144e-02 
1086 4.004954e-02 
1087 4.004727e-02 
1088 4.004464e-02 
1089 4.004171e-02 
1090 4.003846e-02 
1091 4.003489e-02 
1092 4.003098e-02 
1093 4.002674e-02 
1094 4.002222e-02 
1095 4.001737e-02 
1096 4.001218e-02 
1097 4.000664e-02 
1098 4.000072e-02 
1099 3.999440e-02 
1100 3.998764e-02 
1101 3.998045e-02 
1102 3.997282e-02 
1103 3.996467e-02 
1104 3.995593e-02 
1105 3.994660e-02 
1106 3.993671e-02 
1107 3.992620e-02 
1108 3.991497e-02 
1109 3.990298e-02 
1110 3.989026e-02 
1111 3.987677e-02 
1112 3.986246e-02 
1113 3.984729e-02 
1114 3.983124e-02 
1115 3.981426e-02 
1116 3.979630e-02 
1117 3.977735e-02 
1118 3.975740e-02 
1119 3.973644e-02 
1120 3.971437e-02 
1121 3.969112e-02 
1122 3.966666e-02 
1123 3.964098e-02 
1124 3.961409e-02 
1125 3.958591e-02 
1126 3.955632e-02 
1127 3.952519e-02 
1128 3.949254e-02 
1129 3.945840e-02 
1130 3.942269e-02 
1131 3.938519e-02 
1132 3.934576e-02 
1133 3.930445e-02 
1134 3.926130e-02 
1135 3.921615e-02 
1136 3.916875e-02 
1137 3.911903e-02 
1138 3.906704e-02 
1139 3.901275e-02 
1140 3.895597e-02 
1141 3.889656e-02 
1142 3.883456e-02 
1143 3.876992e-02 
1144 3.870247e-02 
1145 3.863214e-02 
1146 3.855904e-02 
1147 3.848320e-02 
1148 3.840441e-02 
1149 3.832251e-02 
1150 3.823766e-02 
1151 3.815004e-02 
1152 3.805958e-02 
1153 3.796608e-02 
1154 3.786959e-02 
1155 3.777030e-02 
1156 3.766827e-02 
1157 3.756340e-02 
1158 3.745571e-02 
1159 3.734538e-02 
1160 3.723242e-02 
1161 3.711677e-02 
1162 3.699849e-02 
1163 3.687784e-02 
1164 3.675485e-02 
1165 3.662930e-02 
1166 3.650116e-02 
1167 3.637074e-02 
1168 3.623821e-02 
1169 3.610336e-02 
1170 3.596587e-02 
1171 3.582589e-02 
1172 3.568377e-02 
1173 3.553956e-02 
1174 3.539304e-02 
1175 3.524415e-02 
1176 3.509309e-02 
1177 3.494002e-02 
1178 3.478486e-02 
1179 3.462745e-02 
1180 3.446767e-02 
1181 3.430544e-02 
1182 3.414063e-02 
1183 3.397320e-02 
1184 3.380325e-02 
1185 3.363095e-02 
1186 3.345651e-02 
1187 3.328020e-02 
1188 3.310237e-02 
1189 3.292326e-02 
1190 3.274293e-02 
1191 3.256121e-02 
1192 3.237779e-02 
1193 3.219236e-02 
1194 3.200472e-02 
1195 3.181487e-02 
1196 3.162292e-02 
1197 3.142915e-02 
1198 3.123417e-02 
1199 3.103890e-02 
1200 3.084413e-02 
1201 3.065019e-02 
1202 3.045711e-02 
1203 3.026486e-02 
1204 3.007339e-02 
1205 2.988239e-02 
1206 2.969149e-02 
1207 2.950054e-02 
1208 2.930974e-02 
1209 2.911946e-02 
1210 2.893015e-02 
1211 2.874226e-02 
1212 2.855615e-02 
1213 2.837190e-02 
1214 2.818957e-02 
1215 2.800950e-02 
1216 2.783212e-02 
1217 2.765762e-02 
1218 2.748617e-02 
1219 2.731820e-02 
1220 2.715430e-02 
1221 2.699460e-02 
1222 2.683862e-02 
1223 2.668592e-02 
1224 2.653638e-02 
1225 2.638997e-02 
1226 2.624647e-02 
1227 2.610580e-02 
1228 2.596838e-02 
1229 2.583477e-02 
1230 2.570519e-02 
1231 2.557968e-02 
1232 2.545840e-02 
1233 2.534160e-02 
1234 2.522939e-02 
1235 2.512192e-02 
1236 2.501964e-02 
1237 2.492309e-02 
1238 2.483250e-02 
1239 2.474770e-02 
1240 2.466851e-02 
1241 2.459481e-02 
1242 2.452630e-02 
1243 2.446252e-02 
1244 2.440322e-02 
1245 2.434847e-02 
1246 2.429845e-02 
1247 2.425310e-02 
1248 2.421226e-02 
1249 2.417580e-02 
1250 2.414366e-02 
1251 2.411584e-02 
1252 2.409248e-02 
1253 2.407395e-02 
1254 2.406069e-02 
1255 2.405301e-02 
1256 2.405113e-02 
1257 2.405517e-02 
1258 2.406508e-02 
1259 2.408066e-02 
1260 2.410176e-02 
1261 2.412843e-02 
1262 2.416079e-02 
1263 2.419872e-02 
1264 2.424192e-02 
1265 2.428999e-02 
1266 2.434255e-02 
1267 2.439918e-02 
1268 2.445947e-02 
1269 2.452320e-02 
1270 2.459047e-02 
1271 2.466142e-02 
1272 2.473605e-02 
1273 2.481420e-02 
1274 2.489575e-02 
1275 2.498073e-02 
1276 2.506929e-02 
1277 2.516166e-02 
1278 2.525817e-02 
1279 2.535914e-02 
1280 2.546472e-02 
1281 2.557486e-02 
1282 2.568935e-02 
1283 2.580793e-02 
1284 2.593045e-02 
1285 2.605684e-02 
1286 2.618706e-02 
1287 2.632087e-02 
1288 2.645778e-02 
1289 2.659720e-02 
1290 2.673859e-02 
1291 2.688146e-02 
1292 2.702536e-02 
1293 2.717008e-02 
1294 2.731560e-02 
1295 2.746184e-02 
1296 2.760840e-02 
1297 2.775484e-02 
1298 2.790103e-02 
1299 2.804714e-02 
1300 2.819338e-02 
1301 2.833991e-02 
1302 2.848698e-02 
1303 2.863486e-02 
1304 2.878355e-02 
1305 2.893288e-02 
1306 2.908286e-02 
1307 2.923380e-02 
1308 2.938597e-02 
1309 2.953938e-02 
1310 2.969391e-02 
1311 2.984936e-02 
1312 3.000538e-02 
1313 3.016149e-02 
1314 3.031745e-02 
1315 3.047324e-02 
1316 3.062879e-02 
1317 3.078367e-02 
1318 3.093733e-02 
1319 3.108934e-02 
1320 3.123941e-02 
1321 3.138728e-02 
1322 3.153289e-02 
1323 3.167633e-02 
1324 3.181763e-02 
1325 3.195663e-02 
1326 3.209311e-02 
1327 3.222710e-02 
1328 3.235880e-02 
1329 3.248852e-02 
1330 3.261660e-02 
1331 3.274337e-02 
1332 3.286888e-02 
1333 3.299305e-02 
1334 3.311596e-02 
1335 3.323792e-02 
1336 3.335924e-02 
1337 3.347999e-02 
1338 3.360014e-02 
1339 3.371966e-02 
1340 3.383838e-02 
1341 3.395597e-02 
1342 3.407222e-02 
1343 3.418720e-02 
1344 3.430099e-02 
1345 3.441328e-02 
1346 3.452351e-02 
1347 3.463127e-02 
1348 3.473646e-02 
1349 3.483903e-02 
1350 3.493887e-02 
1351 3.503588e-02 
1352 3.512994e-02 
1353 3.522093e-02 
1354 3.530868e-02 
1355 3.539317e-02 
1356 3.547460e-02 
1357 3.555325e-02 
1358 3.562935e-02 
1359 3.570298e-02 
1360 3.577415e-02 
1361 3.584299e-02 
1362 3.590980e-02 
1363 3.597500e-02 
1364 3.603886e-02 
1365 3.610154e-02 
1366 3.616313e-02 
1367 3.622368e-02 
1368 3.628324e-02 
1369 3.634200e-02 
1370 3.640026e-02 
1371 3.645815e-02 
1372 3.651559e-02 
1373 3.657240e-02 
1374 3.662855e-02 
1375 3.668402e-02 
1376 3.673871e-02 
1377 3.679249e-02 
1378 3.684527e-02 
1379 3.689685e-02 
1380 3.694682e-02 
1381 3.699494e-02 
1382 3.704133e-02 
1383 3.708631e-02 
1384 3.712992e-02 
1385 3.717196e-02 
1386 3.721227e-02 
1387 3.725083e-02 
1388 3.728757e-02 
1389 3.732233e-02 
1390 3.735506e-02 
1391 3.738580e-02 
1392 3.741464e-02 
1393 3.744164e-02 
1394 3.746712e-02 
1395 3.749155e-02 
1396 3.751539e-02 
1397 3.753892e-02 
1398 3.756226e-02 
1399 3.758537e-02 
1400 3.760811e-02 
1401 3.763042e-02 
1402 3.765238e-02 
1403 3.767414e-02 
1404 3.769568e-02 
1405 3.771696e-02 
1406 3.773809e-02 
1407 3.775926e-02 
1408 3.778056e-02 
1409 3.780196e-02 
1410 3.782341e-02 
1411 3.784480e-02 
1412 3.786594e-02 
1413 3.788666e-02 
1414 3.790686e-02 
1415 3.792652e-02 
1416 3.794551e-02 
1417 3.796357e-02 
1418 3.798050e-02 
1419 3.799614e-02 
1420 3.801035e-02 
1421 3.802293e-02 
1422 3.803367e-02 
1423 3.804235e-02 
1424 3.804869e-02 
1425 3.805246e-02 
1426 3.805357e-02 
1427 3.805201e-02 
1428 3.804777e-02 
1429 3.804082e-02 
1430 3.803118e-02 
1431 3.801882e-02 
1432 3.800370e-02 
1433 3.798582e-02 
1434 3.796525e-02 
1435 3.794204e-02 
1436 3.791619e-02 
1437 3.788781e-02 
1438 3.785706e-02 
1439 3.782400e-02 
1440 3.778843e-02 
1441 3.775005e-02 
1442 3.770869e-02 
1443 3.766433e-02 
1444 3.761702e-02 
1445 3.756683e-02 
1446 3.751392e-02 
1447 3.745842e-02 
1448 3.740040e-02 
1449 3.733989e-02 
1450 3.727691e-02 
1451 3.721158e-02 
1452 3.714408e-02 
1453 3.707467e-02 
1454 3.700360e-02 
1455 3.693106e-02 
1456 3.685712e-02 
1457 3.678181e-02 
1458 3.670500e-02 
1459 3.662639e-02 
1460 3.654565e-02 
1461 3.646268e-02 
1462 3.637759e-02 
1463 3.629046e-02 
1464 3.620117e-02 
1465 3.610942e-02 
1466 3.601488e-02 
1467 3.591734e-02 
1468 3.581673e-02 
1469 3.571314e-02 
1470 3.560678e-02 
1471 3.549794e-02 
1472 3.538683e-02 
1473 3.527355e-02 
1474 3.515811e-02 
1475 3.504052e-02 
1476 3.492092e-02 
1477 3.479956e-02 
1478 3.467669e-02 
1479 3.455246e-02 
1480 3.442695e-02 
1481 3.430028e-02 
1482 3.417239e-02 
1483 3.404299e-02 
1484 3.391172e-02 
1485 3.377841e-02 
1486 3.364314e-02 
1487 3.350597e-02 
1488 3.336685e-02 
1489 3.322557e-02 
1490 3.308186e-02 
1491 3.293540e-02 
1492 3.278596e-02 
1493 3.263363e-02 
1494 3.247870e-02 
1495 3.232141e-02 
1496 3.216185e-02 
1497 3.200009e-02 
1498 3.183616e-02 
1499 3.167001e-02 
1500 3.150167e-02 
1501 3.133142e-02 
1502 3.115977e-02 
1503 3.098700e-02 
1504 3.081299e-02 
1505 3.063757e-02 
1506 3.046078e-02 
1507 3.028263e-02 
1508 3.010284e-02 
1509 2.992114e-02 
1510 2.973759e-02 
1511 2.955240e-02 
1512 2.936534e-02 
1513 2.917578e-02 
1514 2.898325e-02 
1515 2.878759e-02 
1516 2.858868e-02 
1517 2.838631e-02 
1518 2.818053e-02 
1519 2.797156e-02 
1520 2.775938e-02 
1521 2.754357e-02 
1522 2.732384e-02 
1523 2.710045e-02 
1524 2.687396e-02 
1525 2.664485e-02 
1526 2.641345e-02 
1527 2.617998e-02 
1528 2.594455e-02 
1529 2.570720e-02 
1530 2.546826e-02 
1531 2.522836e-02 
1532 2.498801e-02 
1533 2.474739e-02 
1534 2.450657e-02 
1535 2.426576e-02 
1536 2.402501e-02 
1537 2.378410e-02 
1538 2.354290e-02 
1539 2.330166e-02 
1540 2.306064e-02 
1541 2.281965e-02 
1542 2.257826e-02 
1543 2.233621e-02 
1544 2.209335e-02 
1545 2.184938e-02 
1546 2.160411e-02 
1547 2.135773e-02 
1548 2.111053e-02 
1549 2.086238e-02 
1550 2.061281e-02 
1551 2.036154e-02 
1552 2.010880e-02 
1553 1.985506e-02 
1554 1.960079e-02 
1555 1.934635e-02 
1556 1.909184e-02 
1557 1.883716e-02 
1558 1.858235e-02 
1559 1.832796e-02 
1560 1.807474e-02 
1561 1.782312e-02 
1562 1.757320e-02 
1563 1.732506e-02 
1564 1.707891e-02 
1565 1.683483e-02 
1566 1.659287e-02 
1567 1.635328e-02 
1568 1.611642e-02 
1569 1.588235e-02 
1570 1.565070e-02 
1571 1.542116e-02 
1572 1.519367e-02 
1573 1.496818e-02 
1574 1.474444e-02 
1575 1.452222e-02 
1576 1.430154e-02 
1577 1.408234e-02 
1578 1.386423e-02 
1579 1.364668e-02 
1580 1.342952e-02 
1581 1.321311e-02 
1582 1.299780e-02 
1583 1.278352e-02 
1584 1.256986e-02 
1585 1.235660e-02 
1586 1.214389e-02 
1587 1.193215e-02 
1588 1.172183e-02 
1589 1.151336e-02 
1590 1.130711e-02 
1591 1.110331e-02 
1592 1.090208e-02 
1593 1.070377e-02 
1594 1.050910e-02 
1595 1.031877e-02 
1596 1.013305e-02 
1597 9.951808e-03 
1598 9.775120e-03 
1599 9.603463e-03 
1600 9.437401e-03 
1601 9.277283e-03 
1602 9.123328e-03 
1603 8.975722e-03 
1604 8.834509e-03 
1605 8.699557e-03 
1606 8.570738e-03 
1607 8.448030e-03 
1608 8.331370e-03 
1609 8.220620e-03 
1610 8.115690e-03 
1611 8.016465e-03 
1612 7.922568e-03 
1613 7.833477e-03 
1614 7.748954e-03 
1615 7.669103e-03 
1616 7.593861e-03 
1617 7.522732e-03 
1618 7.455198e-03 
1619 7.391117e-03 
1620 7.330579e-03 
1621 7.273630e-03 
1622 7.220314e-03 
1623 7.170691e-03 
1624 7.124558e-03 
1625 7.081418e-03 
1626 7.041037e-03 
1627 7.003834e-03 
1628 6.970431e-03 
1629 6.940990e-03 
1630 6.915261e-03 
1631 6.893161e-03 
1632 6.874989e-03 
1633 6.861140e-03 
1634 6.851894e-03 
1635 6.847453e-03 
1636 6.847968e-03 
1637 6.853530e-03 
1638 6.864316e-03 
1639 6.880723e-03 
1640 6.903206e-03 
1641 6.931996e-03 
1642 6.967103e-03 
1643 7.008543e-03 
1644 7.056425e-03 
1645 7.110886e-03 
1646 7.172084e-03 
1647 7.240252e-03 
1648 7.315615e-03 
1649 7.398268e-03 
1650 7.488239e-03 
1651 7.585661e-03 
1652 7.690785e-03 
1653 7.803818e-03 
1654 7.924857e-03 
1655 8.054054e-03 
1656 8.191796e-03 
1657 8.338663e-03 
1658 8.495190e-03 
1659 8.661705e-03 
1660 8.838464e-03 
1661 9.025935e-03 
1662 9.224827e-03 
1663 9.435855e-03 
1664 9.659612e-03 
1665 9.896752e-03 
1666 1.014810e-02 
1667 1.041450e-02 
1668 1.069666e-02 
1669 1.099543e-02 
1670 1.131178e-02 
1671 1.164655e-02 
1672 1.200026e-02 
1673 1.237360e-02 
1674 1.276774e-02 
1675 1.318400e-02 
1676 1.362322e-02 
1677 1.408586e-02 
1678 1.457261e-02 
1679 1.508439e-02 
1680 1.562195e-02 
1681 1.618591e-02 
1682 1.677707e-02 
1683 1.739639e-02 
1684 1.804456e-02 
1685 1.872207e-02 
1686 1.942948e-02 
1687 2.016740e-02 
1688 2.093606e-02 
1689 2.173564e-02 
1690 2.256689e-02 
1691 2.343095e-02 
1692 2.432841e-02 
1693 2.525899e-02 
1694 2.622251e-02 
1695 2.721958e-02 
1696 2.825112e-02 
1697 2.931752e-02 
1698 3.041872e-02 
1699 3.155482e-02 
1700 3.272631e-02 
1701 3.393382e-02 
1702 3.517784e-02 
1703 3.645868e-02 
1704 3.777631e-02 
1705 3.913060e-02 
1706 4.052173e-02 
1707 4.195054e-02 
1708 4.341816e-02 
1709 4.492515e-02 
1710 4.647118e-02 
1711 4.805555e-02 
1712 4.967823e-02 
1713 5.134025e-02 
1714 5.304292e-02 
1715 5.478668e-02 
1716 5.657094e-02 
1717 5.839520e-02 
1718 6.025996e-02 
1719 6.216617e-02 
1720 6.411409e-02 
1721 6.610332e-02 
1722 6.813392e-02 
1723 7.020669e-02 
1724 7.232228e-02 
1725 7.448065e-02 
1726 7.668155e-02 
1727 7.892520e-02 
1728 8.121207e-02 
1729 8.354249e-02 
1730 8.591683e-02 
1731 8.833563e-02 
1732 9.079935e-02 
1733 9.330797e-02 
1734 9.586142e-02 
1735 9.846011e-02 
1736 1.011046e-01 
1737 1.037952e-01 
1738 1.065318e-01 
1739 1.093148e-01 
1740 1.121449e-01 
1741 1.150223e-01 
1742 1.179466e-01 
1743 1.209169e-01 
1744 1.239331e-01 
1745 1.269960e-01 
1746 1.301067e-01 
1747 1.332651e-01 
1748 1.364697e-01 
1749 1.397189e-01 
1750 1.430127e-01 
1751 1.463521e-01 
1752 1.497375e-01 
1753 1.531679e-01 
1754 1.566420e-01 
1755 1.601592e-01 
1756 1.637191e-01 
1757 1.673217e-01 
1758 1.709666e-01 
1759 1.746535e-01 
1760 1.783818e-01 
1761 1.821505e-01 
1762 1.859593e-01 
1763 1.898086e-01 
1764 1.936980e-01 
1765 1.976261e-01 
1766 2.015915e-01 
1767 2.055949e-01 
1768 2.096370e-01 
1769 2.137174e-01 
1770 2.178346e-01 
1771 2.219880e-01 
1772 2.261774e-01 
1773 2.304029e-01 
1774 2.346639e-01 
1775 2.389601e-01 
1776 2.432910e-01 
1777 2.476549e-01 
1778 2.520505e-01 
1779 2.564771e-01 
1780 2.609347e-01 
1781 2.654220e-01 
1782 2.699380e-01 
1783 2.744829e-01 
1784 2.790572e-01 
1785 2.836589e-01 
1786 2.882848e-01 
1787 2.929336e-01 
1788 2.976061e-01 
1789 3.023017e-01 
1790 3.070168e-01 
1791 3.117482e-01 
1792 3.164952e-01 
1793 3.212581e-01 
1794 3.260362e-01 
1795 3.308288e-01 
1796 3.356357e-01 
1797 3.404561e-01 
1798 3.452876e-01 
1799 3.501282e-01 
1800 3.549775e-01 
1801 3.598347e-01 
1802 3.646970e-01 
1803 3.695613e-01 
1804 3.744276e-01 
1805 3.792974e-01 
1806 3.841699e-01 
1807 3.890427e-01 
1808 3.939142e-01 
1809 3.987853e-01 
1810 4.036563e-01 
1811 4.085259e-01 
1812 4.133921e-01 
1813 4.182533e-01 
1814 4.231085e-01 
1815 4.279571e-01 
1816 4.327990e-01 
1817 4.376335e-01 
1818 4.424585e-01 
1819 4.472714e-01 
1820 4.520710e-01 
1821 4.568572e-01 
1822 4.616293e-01 
1823 4.663863e-01 
1824 4.711279e-01 
1825 4.758540e-01 
1826 4.805634e-01 
1827 4.852547e-01 
1828 4.899269e-01 
1829 4.945796e-01 
1830 4.992119e-01 
1831 5.038221e-01 
1832 5.084092e-01 
1833 5.129722e-01 
1834 5.175099e-01 
1835 5.220214e-01 
1836 5.265069e-01 
1837 5.309664e-01 
1838 5.353981e-01 
1839 5.398001e-01 
1840 5.441722e-01 
1841 5.485162e-01 
1842 5.528324e-01 
1843 5.571195e-01 
1844 5.613763e-01 
1845 5.656032e-01 
1846 5.698005e-01 
1847 5.739671e-01 
1848 5.781016e-01 
1849 5.822031e-01 
1850 5.862716e-01 
1851 5.903073e-01 
1852 5.943095e-01 
1853 5.982774e-01 
1854 6.022094e-01 
1855 6.061044e-01 
1856 6.099627e-01 
1857 6.137853e-01 
1858 6.175717e-01 
1859 6.213202e-01 
1860 6.250297e-01 
1861 6.287007e-01 
1862 6.323340e-01 
1863 6.359288e-01 
1864 6.394834e-01 
1865 6.429968e-01 
1866 6.464683e-01 
1867 6.498974e-01 
1868 6.532839e-01 
1869 6.566274e-01 
1870 6.599267e-01 
1871 6.631802e-01 
1872 6.663869e-01 
1873 6.695472e-01 
1874 6.726611e-01 
1875 6.757277e-01 
1876 6.787465e-01 
1877 6.817179e-01 
1878 6.846423e-01 
1879 6.875187e-01 
1880 6.903464e-01 
1881 6.931258e-01 
1882 6.958581e-01 
1883 6.985432e-01 
1884 7.011801e-01 
1885 7.037682e-01 
1886 7.063083e-01 
1887 7.088006e-01 
1888 7.112447e-01 
1889 7.136397e-01 
1890 7.159861e-01 
1891 7.182844e-01 
1892 7.205350e-01 
1893 7.227374e-01 
1894 7.248917e-01 
1895 7.269984e-01 
1896 7.290582e-01 
1897 7.310717e-01 
1898 7.330391e-01 
1899 7.349610e-01 
1900 7.368380e-01 
1901 7.386706e-01 
1902 7.404597e-01 
1903 7.422060e-01 
1904 7.439095e-01 
1905 7.455696e-01 
1906 7.471868e-01 
1907 7.487627e-01 
1908 7.502987e-01 
1909 7.517942e-01 
1910 7.532475e-01 
1911 7.546586e-01 
1912 7.560294e-01 
1913 7.573614e-01 
1914 7.586543e-01 
1915 7.599075e-01 
1916 7.611211e-01 
1917 7.622965e-01 
1918 7.634342e-01 
1919 7.645346e-01 
1920 7.655982e-01 
1921 7.666256e-01 
1922 7.676171e-01 
1923 7.685735e-01 
1924 7.694957e-01 
1925 7.703839e-01 
1926 7.712381e-01 
1927 7.720584e-01 
1928 7.728454e-01 
1929 7.735997e-01 
1930 7.743213e-01 
1931 7.750102e-01 
1932 7.756669e-01 
1933 7.762913e-01 
1934 7.768830e-01 
1935 7.774417e-01 
1936 7.779678e-01 
1937 7.784619e-01 
1938 7.789239e-01 
1939 7.793534e-01 
1940 7.797500e-01 
1941 7.801140e-01 
1942 7.804451e-01 
1943 7.807431e-01 
1944 7.810079e-01 
1945 7.812396e-01 
1946 7.814376e-01 
1947 7.816014e-01 
1948 7.817308e-01 
1949 7.818252e-01 
1950 7.818838e-01 
1951 7.819058e-01 
1952 7.818907e-01 
1953 7.818382e-01 
1954 7.817477e-01 
1955 7.816177e-01 
1956 7.814472e-01 
1957 7.812355e-01 
1958 7.809821e-01 
1959 7.806861e-01 
1960 7.803467e-01 
1961 7.799631e-01 
1962 7.795346e-01 
1963 7.790605e-01 
1964 7.785401e-01 
1965 7.779728e-01 
1966 7.773579e-01 
1967 7.766951e-01 
1968 7.759838e-01 
1969 7.752237e-01 
1970 7.744147e-01 
1971 7.735564e-01 
1972 7.726484e-01 
1973 7.716898e-01 
1974 7.706804e-01 
1975 7.696205e-01 
1976 7.685101e-01 
1977 7.673486e-01 
1978 7.661357e-01 
1979 7.648711e-01 
1980 7.635546e-01 
1981 7.621867e-01 
1982 7.607679e-01 
1983 7.592985e-01 
1984 7.577782e-01 
1985 7.562070e-01 
1986 7.545856e-01 
1987 7.529145e-01 
1988 7.511931e-01 
1989 7.494207e-01 
1990 7.475982e-01 
1991 7.457271e-01 
1992 7.438082e-01 
1993 7.418410e-01 
1994 7.398260e-01 
1995 7.377648e-01 
1996 7.356584e-01 
1997 7.335069e-01 
1998 7.313106e-01 
1999 7.290708e-01 
2000 7.267875e-01 
2001 7.244595e-01 
2002 7.220864e-01 
2003 7.196700e-01 
2004 7.172118e-01 
2005 7.147119e-01 
2006 7.121699e-01 
2007 7.095866e-01 
2008 7.069638e-01 
2009 7.043018e-01 
2010 7.016001e-01 
2011 6.988594e-01 
2012 6.960805e-01 
2013 6.932635e-01 
2014 6.904084e-01 
2015 6.875163e-01 
2016 6.845878e-01 
2017 6.816222e-01 
2018 6.786189e-01 
2019 6.755789e-01 
2020 6.725047e-01 
2021 6.693964e-01 
2022 6.662525e-01 
2023 6.630726e-01 
2024 6.598585e-01 
2025 6.566125e-01 
2026 6.533352e-01 
2027 6.500263e-01 
2028 6.466853e-01 
2029 6.433124e-01 
2030 6.399079e-01 
2031 6.364724e-01 
2032 6.330062e-01 
2033 6.295090e-01 
2034 6.259804e-01 
2035 6.224213e-01 
2036 6.188328e-01 
2037 6.152148e-01 
2038 6.115662e-01 
2039 6.078875e-01 
2040 6.041807e-01 
2041 6.004469e-01 
2042 5.966859e-01 
2043 5.928973e-01 
2044 5.890819e-01 
2045 5.852413e-01 
2046 5.813762e-01 
2047 5.774867e-01 
2048 5.735731e-01 
2049 5.696356e-01 
2050 5.656743e-01 
2051 5.616893e-01 
2052 5.576818e-01 
2053 5.536529e-01 
2054 5.496030e-01 
2055 5.455319e-01 
2056 5.414403e-01 
2057 5.373294e-01 
2058 5.331998e-01 
2059 5.290518e-01 
2060 5.248864e-01 
2061 5.207051e-01 
2062 5.165092e-01 
2063 5.122990e-01 
2064 5.080748e-01 
2065 5.038371e-01 
2066 4.995866e-01 
2067 4.953241e-01 
2068 4.910506e-01 
2069 4.867669e-01 
2070 4.824732e-01 
2071 4.781694e-01 
2072 4.738559e-01 
2073 4.695340e-01 
2074 4.652052e-01 
2075 4.608703e-01 
2076 4.565291e-01 
2077 4.521817e-01 
2078 4.478294e-01 
2079 4.434746e-01 
2080 4.391190e-01 
2081 4.347627e-01 
2082 4.304055e-01 
2083 4.260482e-01 
2084 4.216928e-01 
2085 4.173406e-01 
2086 4.129918e-01 
2087 4.086464e-01 
2088 4.043055e-01 
2089 3.999705e-01 
2090 3.956418e-01 
2091 3.913187e-01 
2092 3.870015e-01 
2093 3.826912e-01 
2094 3.783892e-01 
2095 3.740963e-01 
2096 3.698127e-01 
2097 3.655384e-01 
2098 3.612736e-01 
2099 3.570196e-01 
2100 3.527781e-01 
2101 3.485501e-01 
2102 3.443355e-01 
2103 3.401342e-01 
2104 3.359476e-01 
2105 3.317773e-01 
2106 3.276242e-01 
2107 3.234878e-01 
2108 3.193680e-01 
2109 3.152662e-01 
2110 3.111836e-01 
2111 3.071203e-01 
2112 3.030758e-01 
2113 2.990506e-01 
2114 2.950462e-01 
2115 2.910634e-01 
2116 2.871017e-01 
2117 2.831609e-01 
2118 2.792420e-01 
2119 2.753465e-01 
2120 2.714756e-01 
2121 2.676296e-01 
2122 2.638084e-01 
2123 2.600127e-01 
2124 2.562433e-01 
2125 2.525011e-01 
2126 2.487873e-01 
2127 2.451030e-01 
2128 2.414482e-01 
2129 2.378223e-01 
2130 2.342257e-01 
2131 2.306594e-01 
2132 2.271247e-01 
2133 2.236211e-01 
2134 2.201481e-01 
2135 2.167056e-01 
2136 2.132944e-01 
2137 2.099148e-01 
2138 2.065666e-01 
2139 2.032496e-01 
2140 1.999641e-01 
2141 1.967102e-01 
2142 1.934883e-01 
2143 1.902988e-01 
2144 1.871418e-01 
2145 1.840172e-01 
2146 1.809253e-01 
2147 1.778671e-01 
2148 1.748431e-01 
2149 1.718531e-01 
2150 1.688968e-01 
2151 1.659751e-01 
2152 1.630893e-01 
2153 1.602393e-01 
2154 1.574240e-01 
2155 1.546432e-01 
2156 1.518979e-01 
2157 1.491889e-01 
2158 1.465164e-01 
2159 1.438795e-01 
2160 1.412782e-01 
2161 1.387125e-01 
2162 1.361831e-01 
2163 1.336906e-01 
2164 1.312347e-01 
2165 1.288148e-01 
2166 1.264307e-01 
2167 1.240829e-01 
2168 1.217721e-01 
2169 1.194976e-01 
2170 1.172595e-01 
2171 1.150590e-01 
2172 1.128976e-01 
2173 1.107749e-01 
2174 1.086894e-01 
2175 1.066414e-01 
2176 1.046319e-01 
2177 1.026604e-01 
2178 1.007252e-01 
2179 9.882504e-02 
2180 9.696027e-02 
2181 9.513159e-02 
2182 9.333906e-02 
2183 9.158282e-02 
2184 8.986317e-02 
2185 8.817968e-02 
2186 8.653124e-02 
2187 8.491702e-02 
2188 8.333618e-02 
2189 8.178668e-02 
2190 8.026595e-02 
2191 7.877311e-02 
2192 7.730918e-02 
2193 7.587507e-02 
2194 7.447072e-02 
2195 7.309650e-02 
2196 7.175362e-02 
2197 7.044240e-02 
2198 6.916132e-02 
2199 6.790863e-02 
2200 6.668344e-02 
2201 6.548486e-02 
2202 6.431132e-02 
2203 6.316185e-02 
2204 6.203699e-02 
2205 6.093755e-02 
2206 5.986342e-02 
2207 5.881429e-02 
2208 5.779044e-02 
2209 5.679176e-02 
2210 5.581689e-02 
2211 5.486447e-02 
2212 5.393449e-02 
2213 5.302768e-02 
2214 5.214392e-02 
2215 5.128210e-02 
2216 5.044124e-02 
2217 4.962079e-02 
2218 4.882006e-02 
2219 4.803806e-02 
2220 4.727387e-02 
2221 4.652693e-02 
2222 4.579739e-02 
2223 4.508618e-02 
2224 4.439449e-02 
2225 4.372284e-02 
2226 4.307102e-02 
2227 4.243882e-02 
2228 4.182626e-02 
2229 4.123301e-02 
2230 4.065827e-02 
2231 4.010159e-02 
2232 3.956326e-02 
2233 3.904356e-02 
2234 3.854211e-02 
2235 3.805826e-02 
2236 3.759163e-02 
2237 3.714197e-02 
2238 3.670874e-02 
2239 3.629138e-02 
2240 3.588968e-02 
2241 3.550382e-02 
2242 3.513421e-02 
2243 3.478120e-02 
2244 3.444471e-02 
2245 3.412404e-02 
2246 3.381841e-02 
2247 3.352762e-02 
2248 3.325180e-02 
2249 3.299059e-02 
2250 3.274321e-02 
2251 3.250927e-02 
2252 3.228899e-02 
2253 3.208246e-02 
2254 3.188919e-02 
2255 3.170849e-02 
2256 3.154005e-02 
2257 3.138383e-02 
2258 3.123971e-02 
2259 3.110759e-02 
2260 3.098751e-02 
2261 3.087958e-02 
2262 3.078384e-02 
2263 3.070028e-02 
2264 3.062893e-02 
2265 3.056973e-02 
2266 3.052260e-02 
2267 3.048746e-02 
2268 3.046421e-02 
2269 3.045276e-02 
2270 3.045308e-02 
2271 3.046526e-02 
2272 3.048922e-02 
2273 3.052464e-02 
2274 3.057100e-02 
2275 3.062785e-02 
2276 3.069478e-02 
2277 3.077145e-02 
2278 3.085767e-02 
2279 3.095332e-02 
2280 3.105832e-02 
2281 3.117273e-02 
2282 3.129675e-02 
2283 3.143036e-02 
2284 3.157313e-02 
2285 3.172474e-02 
2286 3.188564e-02 
2287 3.205684e-02 
2288 3.223893e-02 
2289 3.243188e-02 
2290 3.263561e-02 
2291 3.285026e-02 
2292 3.307577e-02 
2293 3.331165e-02 
2294 3.355753e-02 
2295 3.381343e-02 
2296 3.407950e-02 
2297 3.435556e-02 
2298 3.464129e-02 
2299 3.493623e-02 
2300 3.523974e-02 
2301 3.555114e-02 
2302 3.587026e-02 
2303 3.619739e-02 
2304 3.653290e-02 
2305 3.687710e-02 
2306 3.723053e-02 
2307 3.759362e-02 
2308 3.796602e-02 
2309 3.834712e-02 
2310 3.873721e-02 
2311 3.913761e-02 
2312 3.954917e-02 
2313 3.997159e-02 
2314 4.040441e-02 
2315 4.084785e-02 
2316 4.130197e-02 
2317 4.176578e-02 
2318 4.223805e-02 
2319 4.271875e-02 
2320 4.320873e-02 
2321 4.370812e-02 
2322 4.421597e-02 
2323 4.473129e-02 
2324 4.525379e-02 
2325 4.578347e-02 
2326 4.632021e-02 
2327 4.686404e-02 
2328 4.741553e-02 
2329 4.797544e-02 
2330 4.854416e-02 
2331 4.912163e-02 
2332 4.970748e-02 
2333 5.030147e-02 
2334 5.090386e-02 
2335 5.151545e-02 
2336 5.213694e-02 
2337 5.276816e-02 
2338 5.340822e-02 
2339 5.405633e-02 
2340 5.471219e-02 
2341 5.537539e-02 
2342 5.604506e-02 
2343 5.672048e-02 
2344 5.740157e-02 
2345 5.808842e-02 
2346 5.878034e-02 
2347 5.947599e-02 
2348 6.017433e-02 
2349 6.087516e-02 
2350 6.157870e-02 
2351 6.228510e-02 
2352 6.299445e-02 
2353 6.370680e-02 
2354 6.442188e-02 
2355 6.513908e-02 
2356 6.585807e-02 
2357 6.657929e-02 
2358 6.730343e-02 
2359 6.803074e-02 
2360 6.876089e-02 
2361 6.949344e-02 
2362 7.022801e-02 
2363 7.096388e-02 
2364 7.170010e-02 
2365 7.243595e-02 
2366 7.317124e-02 
2367 7.390580e-02 
2368 7.463896e-02 
2369 7.536965e-02 
2370 7.609692e-02 
2371 7.682016e-02 
2372 7.753906e-02 
2373 7.825343e-02 
2374 7.896313e-02 
2375 7.966790e-02 
2376 8.036728e-02 
2377 8.106078e-02 
2378 8.174799e-02 
2379 8.242890e-02 
2380 8.310405e-02 
2381 8.377450e-02 
2382 8.444126e-02 
2383 8.510485e-02 
2384 8.576537e-02 
2385 8.642301e-02 
2386 8.707815e-02 
2387 8.773098e-02 
2388 8.838141e-02 
2389 8.902950e-02 
2390 8.967547e-02 
2391 9.031928e-02 
2392 9.096047e-02 
2393 9.159879e-02 
2394 9.223469e-02 
2395 9.286898e-02 
2396 9.350197e-02 
2397 9.413342e-02 
2398 9.476287e-02 
2399 9.538987e-02 
2400 9.601388e-02 
2401 9.663448e-02 
2402 9.725166e-02 
2403 9.786596e-02 
2404 9.847813e-02 
2405 9.908869e-02 
2406 9.969771e-02 
2407 1.003050e-01 
2408 1.009108e-01 
2409 1.015158e-01 
2410 1.021213e-01 
2411 1.027274e-01 
2412 1.033340e-01 
2413 1.039410e-01 
2414 1.045489e-01 
2415 1.051580e-01 
2416 1.057678e-01 
2417 1.063776e-01 
2418 1.069871e-01 
2419 1.075962e-01 
2420 1.082040e-01 
2421 1.088092e-01 
2422 1.094113e-01 
2423 1.100105e-01 
2424 1.106072e-01 
2425 1.112010e-01 
2426 1.117912e-01 
2427 1.123768e-01 
2428 1.129564e-01 
2429 1.135290e-01 
2430 1.140938e-01 
2431 1.146508e-01 
2432 1.152000e-01 
2433 1.157410e-01 
2434 1.162730e-01 
2435 1.167953e-01 
2436 1.173073e-01 
2437 1.178088e-01 
2438 1.182998e-01 
2439 1.187807e-01 
2440 1.192521e-01 
2441 1.197141e-01 
2442 1.201669e-01 
2443 1.206106e-01 
2444 1.210451e-01 
2445 1.214700e-01 
2446 1.218853e-01 
2447 1.222903e-01 
2448 1.226840e-01 
2449 1.230654e-01 
2450 1.234342e-01 
2451 1.237902e-01 
2452 1.241328e-01 
2453 1.244616e-01 
2454 1.247759e-01 
2455 1.250749e-01 
2456 1.253576e-01 
2457 1.256233e-01 
2458 1.258725e-01 
2459 1.261060e-01 
2460 1.263243e-01 
2461 1.265271e-01 
2462 1.267142e-01 
2463 1.268850e-01 
2464 1.270394e-01 
2465 1.271774e-01 
2466 1.272995e-01 
2467 1.274064e-01 
2468 1.274981e-01 
2469 1.275749e-01 
2470 1.276372e-01 
2471 1.276851e-01 
2472 1.277187e-01 
2473 1.277385e-01 
2474 1.277452e-01 
2475 1.277399e-01 
2476 1.277230e-01 
2477 1.276950e-01 
2478 1.276569e-01 
2479 1.276099e-01 
2480 1.275544e-01 
2481 1.274904e-01 
2482 1.274185e-01 
2483 1.273397e-01 
2484 1.272543e-01 
2485 1.271626e-01 
2486 1.270652e-01 
2487 1.269630e-01 
2488 1.268566e-01 
2489 1.267461e-01 
2490 1.266314e-01 
2491 1.265129e-01 
2492 1.263916e-01 
2493 1.262681e-01 
2494 1.261434e-01 
2495 1.260183e-01 
2496 1.258935e-01 
2497 1.257700e-01 
2498 1.256486e-01 
2499 1.255302e-01 
